-0.19 
-0.2 
-0.215 
-0.205 
-0.19 
-0.17 
-0.15 
-0.16 
-0.2 
-0.215 
-0.225 
-0.235 
-0.255 
-0.265 
-0.275 
-0.27 
-0.275 
-0.28 
-0.3 
-0.295 
-0.3 
-0.285 
-0.28 
-0.285 
-0.29 
-0.305 
-0.305 
-0.3 
-0.3 
-0.29 
-0.295 
-0.305 
-0.31 
-0.295 
-0.29 
-0.295 
-0.3 
-0.315 
-0.34 
-0.36 
-0.38 
-0.405 
-0.415 
-0.455 
-0.515 
-0.52 
-0.46 
-0.365 
-0.28 
-0.205 
-0.12 
0.02 
0.22 
0.465 
0.685 
0.82 
0.875 
0.795 
0.525 
0.145 
-0.22 
-0.425 
-0.475 
-0.42 
-0.35 
-0.32 
-0.325 
-0.34 
-0.33 
-0.325 
-0.31 
-0.305 
-0.32 
-0.325 
-0.34 
-0.325 
-0.32 
-0.32 
-0.335 
-0.335 
-0.335 
-0.335 
-0.33 
-0.33 
-0.33 
-0.325 
-0.355 
-0.35 
-0.33 
-0.32 
-0.325 
-0.345 
-0.33 
-0.33 
-0.32 
-0.33 
-0.325 
-0.34 
-0.345 
-0.34 
-0.325 
-0.32 
-0.34 
-0.345 
-0.34 
-0.335 
-0.32 
-0.325 
-0.35 
-0.35 
-0.335 
-0.33 
-0.32 
-0.33 
-0.34 
-0.34 
-0.345 
-0.335 
-0.325 
-0.33 
-0.325 
-0.33 
-0.35 
-0.345 
-0.325 
-0.33 
-0.315 
-0.32 
-0.325 
-0.32 
-0.315 
-0.315 
-0.325 
-0.325 
-0.34 
-0.315 
-0.305 
-0.32 
-0.32 
-0.325 
-0.345 
-0.34 
-0.33 
-0.325 
-0.33 
-0.33 
-0.335 
-0.325 
-0.315 
-0.315 
-0.315 
-0.335 
-0.345 
-0.34 
-0.32 
-0.31 
-0.31 
-0.32 
-0.315 
-0.315 
-0.29 
-0.3 
-0.295 
-0.3 
-0.29 
-0.28 
-0.265 
-0.255 
-0.26 
-0.265 
-0.275 
-0.27 
-0.26 
-0.26 
-0.26 
-0.28 
-0.275 
-0.27 
-0.245 
-0.245 
-0.245 
-0.25 
-0.27 
-0.255 
-0.26 
-0.255 
-0.27 
-0.285 
-0.285 
-0.265 
-0.255 
-0.25 
-0.255 
-0.26 
-0.28 
-0.275 
-0.275 
-0.27 
-0.275 
-0.28 
-0.285 
-0.285 
-0.275 
-0.28 
-0.28 
-0.29 
-0.305 
-0.29 
-0.285 
-0.3 
-0.295 
-0.31 
-0.31 
-0.31 
-0.305 
-0.305 
-0.315 
-0.33 
-0.325 
-0.33 
-0.31 
-0.315 
-0.315 
-0.335 
-0.335 
-0.33 
-0.32 
-0.32 
-0.32 
-0.32 
-0.33 
-0.325 
-0.32 
-0.325 
-0.335 
-0.345 
-0.35 
-0.335 
-0.33 
-0.335 
-0.33 
-0.335 
-0.34 
-0.335 
-0.335 
-0.335 
-0.335 
-0.34 
-0.345 
-0.33 
-0.32 
-0.32 
-0.33 
-0.335 
-0.345 
-0.325 
-0.33 
-0.31 
-0.3 
-0.29 
-0.28 
-0.27 
-0.27 
-0.255 
-0.265 
-0.26 
-0.26 
-0.24 
-0.225 
-0.215 
-0.23 
-0.235 
-0.245 
-0.245 
-0.245 
-0.255 
-0.26 
-0.25 
-0.26 
-0.27 
-0.25 
-0.24 
-0.225 
-0.225 
-0.255 
-0.285 
-0.29 
-0.295 
-0.33 
-0.35 
-0.36 
-0.355 
-0.355 
-0.365 
-0.37 
-0.38 
-0.375 
-0.38 
-0.37 
-0.365 
-0.365 
-0.385 
-0.385 
-0.39 
-0.37 
-0.365 
-0.38 
-0.39 
-0.395 
-0.385 
-0.38 
-0.365 
-0.375 
-0.38 
-0.4 
-0.385 
-0.39 
-0.415 
-0.425 
-0.475 
-0.51 
-0.51 
-0.53 
-0.575 
-0.625 
-0.605 
-0.52 
-0.38 
-0.26 
-0.08 
0.155 
0.42 
0.655 
0.805 
0.82 
0.645 
0.265 
-0.125 
-0.4 
-0.545 
-0.535 
-0.495 
-0.445 
-0.445 
-0.45 
-0.43 
-0.43 
-0.41 
-0.41 
-0.42 
-0.43 
-0.445 
-0.435 
-0.43 
-0.425 
-0.43 
-0.425 
-0.42 
-0.425 
-0.425 
-0.425 
-0.435 
-0.435 
-0.43 
-0.42 
-0.435 
-0.425 
-0.445 
-0.45 
-0.425 
-0.425 
-0.42 
-0.43 
-0.44 
-0.455 
-0.44 
-0.44 
-0.425 
-0.425 
-0.435 
-0.44 
-0.425 
-0.42 
-0.435 
-0.44 
-0.455 
-0.465 
-0.44 
-0.425 
-0.43 
-0.435 
-0.45 
-0.45 
-0.435 
-0.425 
-0.42 
-0.43 
-0.45 
-0.45 
-0.435 
-0.425 
-0.42 
-0.42 
-0.435 
-0.44 
-0.44 
-0.43 
-0.43 
-0.425 
-0.43 
-0.44 
-0.435 
-0.435 
-0.43 
-0.445 
-0.44 
-0.455 
-0.455 
-0.45 
-0.45 
-0.455 
-0.475 
-0.485 
-0.48 
-0.475 
-0.46 
-0.47 
-0.475 
-0.495 
-0.485 
-0.465 
-0.46 
-0.45 
-0.45 
-0.44 
-0.415 
-0.4 
-0.385 
-0.39 
-0.395 
-0.38 
-0.38 
-0.36 
-0.36 
-0.36 
-0.365 
-0.365 
-0.35 
-0.35 
-0.34 
-0.33 
-0.335 
-0.32 
-0.315 
-0.31 
-0.32 
-0.335 
-0.35 
-0.35 
-0.34 
-0.33 
-0.315 
-0.335 
-0.345 
-0.35 
-0.34 
-0.335 
-0.33 
-0.335 
-0.33 
-0.345 
-0.325 
-0.32 
-0.335 
-0.345 
-0.35 
-0.36 
-0.35 
-0.35 
-0.34 
-0.34 
-0.34 
-0.36 
-0.35 
-0.34 
-0.355 
-0.355 
-0.36 
-0.37 
-0.37 
-0.36 
-0.355 
-0.36 
-0.37 
-0.38 
-0.375 
-0.365 
-0.38 
-0.37 
-0.38 
-0.39 
-0.375 
-0.37 
-0.365 
-0.37 
-0.38 
-0.375 
-0.375 
-0.37 
-0.365 
-0.365 
-0.37 
-0.365 
-0.38 
-0.38 
-0.365 
-0.365 
-0.375 
-0.38 
-0.37 
-0.36 
-0.355 
-0.36 
-0.375 
-0.38 
-0.38 
-0.365 
-0.37 
-0.37 
-0.355 
-0.36 
-0.335 
-0.31 
-0.3 
-0.305 
-0.305 
-0.295 
-0.29 
-0.27 
-0.26 
-0.255 
-0.26 
-0.25 
-0.255 
-0.255 
-0.25 
-0.25 
-0.265 
-0.275 
-0.26 
-0.26 
-0.27 
-0.275 
-0.27 
-0.26 
-0.24 
-0.255 
-0.29 
-0.305 
-0.325 
-0.345 
-0.35 
-0.35 
-0.35 
-0.365 
-0.375 
-0.385 
-0.365 
-0.365 
-0.365 
-0.355 
-0.37 
-0.38 
-0.37 
-0.375 
-0.365 
-0.365 
-0.365 
-0.37 
-0.36 
-0.355 
-0.355 
-0.36 
-0.365 
-0.38 
-0.37 
-0.36 
-0.36 
-0.375 
-0.385 
-0.415 
-0.445 
-0.475 
-0.49 
-0.52 
-0.575 
-0.57 
-0.455 
-0.3 
-0.12 
0.075 
0.335 
0.615 
0.83 
0.92 
0.83 
0.52 
0.09 
-0.27 
-0.475 
-0.505 
-0.465 
-0.405 
-0.39 
-0.395 
-0.385 
-0.375 
-0.37 
-0.38 
-0.385 
-0.395 
-0.38 
-0.38 
-0.38 
-0.38 
-0.385 
-0.39 
-0.385 
-0.375 
-0.37 
-0.36 
-0.39 
-0.4 
-0.385 
-0.37 
-0.375 
-0.37 
-0.38 
-0.385 
-0.385 
-0.375 
-0.365 
-0.375 
-0.375 
-0.395 
-0.395 
-0.375 
-0.375 
-0.355 
-0.375 
-0.38 
-0.375 
-0.36 
-0.36 
-0.365 
-0.375 
-0.39 
-0.38 
-0.375 
-0.37 
-0.37 
-0.39 
-0.385 
-0.385 
-0.375 
-0.37 
-0.38 
-0.385 
-0.39 
-0.38 
-0.37 
-0.365 
-0.38 
-0.385 
-0.385 
-0.385 
-0.39 
-0.38 
-0.38 
-0.39 
-0.395 
-0.38 
-0.38 
-0.38 
-0.385 
-0.39 
-0.41 
-0.41 
-0.405 
-0.41 
-0.405 
-0.405 
-0.415 
-0.41 
-0.405 
-0.395 
-0.4 
-0.405 
-0.415 
-0.405 
-0.39 
-0.385 
-0.38 
-0.4 
-0.395 
-0.375 
-0.365 
-0.37 
-0.36 
-0.355 
-0.345 
-0.335 
-0.32 
-0.305 
-0.305 
-0.305 
-0.29 
-0.285 
-0.275 
-0.27 
-0.275 
-0.29 
-0.295 
-0.285 
-0.27 
-0.27 
-0.27 
-0.28 
-0.285 
-0.27 
-0.275 
-0.265 
-0.275 
-0.275 
-0.28 
-0.27 
-0.265 
-0.265 
-0.265 
-0.275 
-0.285 
-0.28 
-0.28 
-0.28 
-0.28 
-0.305 
-0.305 
-0.285 
-0.275 
-0.275 
-0.285 
-0.29 
-0.31 
-0.3 
-0.295 
-0.29 
-0.3 
-0.295 
-0.3 
-0.3 
-0.285 
-0.285 
-0.3 
-0.31 
-0.31 
-0.31 
-0.305 
-0.31 
-0.3 
-0.315 
-0.325 
-0.33 
-0.305 
-0.31 
-0.31 
-0.315 
-0.32 
-0.32 
-0.32 
-0.31 
-0.325 
-0.33 
-0.34 
-0.32 
-0.31 
-0.31 
-0.325 
-0.315 
-0.32 
-0.32 
-0.31 
-0.315 
-0.315 
-0.315 
-0.31 
-0.31 
-0.315 
-0.31 
-0.315 
-0.315 
-0.33 
-0.325 
-0.315 
-0.31 
-0.315 
-0.32 
-0.325 
-0.315 
-0.305 
-0.29 
-0.28 
-0.29 
-0.265 
-0.25 
-0.245 
-0.23 
-0.235 
-0.24 
-0.255 
-0.24 
-0.23 
-0.22 
-0.21 
-0.21 
-0.22 
-0.21 
-0.195 
-0.195 
-0.195 
-0.195 
-0.21 
-0.2 
-0.215 
-0.22 
-0.215 
-0.225 
-0.23 
-0.245 
-0.225 
-0.21 
-0.185 
-0.185 
-0.215 
-0.235 
-0.255 
-0.255 
-0.275 
-0.305 
-0.315 
-0.32 
-0.325 
-0.32 
-0.31 
-0.34 
-0.345 
-0.34 
-0.325 
-0.325 
-0.33 
-0.345 
-0.35 
-0.35 
-0.355 
-0.33 
-0.345 
-0.355 
-0.35 
-0.35 
-0.345 
-0.345 
-0.35 
-0.35 
-0.365 
-0.36 
-0.375 
-0.4 
-0.435 
-0.47 
-0.49 
-0.5 
-0.535 
-0.565 
-0.535 
-0.455 
-0.32 
-0.16 
0.02 
0.27 
0.545 
0.755 
0.87 
0.865 
0.69 
0.3 
-0.13 
-0.425 
-0.535 
-0.51 
-0.45 
-0.395 
-0.385 
-0.39 
-0.4 
-0.395 
-0.38 
-0.37 
-0.38 
-0.385 
-0.395 
-0.395 
-0.385 
-0.385 
-0.39 
-0.39 
-0.4 
-0.4 
-0.385 
-0.38 
-0.385 
-0.39 
-0.39 
-0.39 
-0.39 
-0.38 
-0.37 
-0.385 
-0.4 
-0.38 
-0.37 
-0.375 
-0.37 
-0.385 
-0.385 
-0.385 
-0.37 
-0.375 
-0.39 
-0.385 
-0.39 
-0.38 
-0.375 
-0.365 
-0.375 
-0.385 
-0.39 
-0.39 
-0.375 
-0.38 
-0.375 
-0.39 
-0.4 
-0.385 
-0.37 
-0.365 
-0.37 
-0.37 
-0.375 
-0.375 
-0.365 
-0.36 
-0.37 
-0.37 
-0.375 
-0.385 
-0.365 
-0.37 
-0.375 
-0.385 
-0.38 
-0.375 
-0.375 
-0.365 
-0.365 
-0.37 
-0.38 
-0.385 
-0.37 
-0.36 
-0.37 
-0.38 
-0.38 
-0.375 
-0.38 
-0.365 
-0.38 
-0.38 
-0.395 
-0.38 
-0.38 
-0.375 
-0.385 
-0.38 
-0.39 
-0.385 
-0.37 
-0.37 
-0.36 
-0.38 
-0.37 
-0.355 
-0.335 
-0.33 
-0.335 
-0.335 
-0.34 
-0.33 
-0.315 
-0.305 
-0.31 
-0.315 
-0.32 
-0.305 
-0.3 
-0.295 
-0.3 
-0.295 
-0.31 
-0.295 
-0.295 
-0.29 
-0.285 
-0.3 
-0.295 
-0.285 
-0.285 
-0.28 
-0.29 
-0.3 
-0.305 
-0.3 
-0.295 
-0.28 
-0.295 
-0.295 
-0.31 
-0.31 
-0.305 
-0.305 
-0.295 
-0.3 
-0.32 
-0.31 
-0.31 
-0.31 
-0.315 
-0.32 
-0.32 
-0.315 
-0.305 
-0.305 
-0.315 
-0.32 
-0.335 
-0.32 
-0.31 
-0.32 
-0.32 
-0.33 
-0.345 
-0.335 
-0.33 
-0.33 
-0.34 
-0.34 
-0.345 
-0.335 
-0.33 
-0.32 
-0.33 
-0.345 
-0.355 
-0.34 
-0.33 
-0.325 
-0.33 
-0.34 
-0.345 
-0.33 
-0.33 
-0.32 
-0.325 
-0.335 
-0.345 
-0.345 
-0.335 
-0.325 
-0.33 
-0.34 
-0.345 
-0.33 
-0.335 
-0.33 
-0.34 
-0.36 
-0.35 
-0.34 
-0.33 
-0.33 
-0.325 
-0.335 
-0.345 
-0.335 
-0.32 
-0.32 
-0.31 
-0.305 
-0.305 
-0.285 
-0.27 
-0.255 
-0.26 
-0.26 
-0.265 
-0.27 
-0.26 
-0.265 
-0.255 
-0.25 
-0.24 
-0.23 
-0.215 
-0.21 
-0.22 
-0.215 
-0.23 
-0.235 
-0.225 
-0.22 
-0.225 
-0.23 
-0.23 
-0.24 
-0.245 
-0.245 
-0.22 
-0.215 
-0.225 
-0.255 
-0.28 
-0.29 
-0.3 
-0.325 
-0.345 
-0.33 
-0.345 
-0.35 
-0.345 
-0.35 
-0.365 
-0.365 
-0.34 
-0.365 
-0.355 
-0.365 
-0.37 
-0.37 
-0.36 
-0.36 
-0.36 
-0.375 
-0.385 
-0.39 
-0.385 
-0.365 
-0.365 
-0.385 
-0.4 
-0.42 
-0.45 
-0.465 
-0.48 
-0.48 
-0.505 
-0.54 
-0.585 
-0.6 
-0.58 
-0.51 
-0.43 
-0.315 
-0.205 
-0.06 
0.16 
0.415 
0.6 
0.76 
0.805 
0.72 
0.43 
0.045 
-0.305 
-0.48 
-0.52 
-0.47 
-0.41 
-0.4 
-0.4 
-0.405 
-0.395 
-0.38 
-0.375 
-0.385 
-0.4 
-0.405 
-0.395 
-0.39 
-0.39 
-0.405 
-0.41 
-0.42 
-0.41 
-0.4 
-0.405 
-0.41 
-0.415 
-0.405 
-0.4 
-0.4 
-0.4 
-0.41 
-0.41 
-0.4 
-0.4 
-0.395 
-0.395 
-0.4 
-0.41 
-0.405 
-0.39 
-0.375 
-0.38 
-0.395 
-0.41 
-0.415 
-0.405 
-0.39 
-0.405 
-0.41 
-0.41 
-0.41 
-0.405 
-0.4 
-0.405 
-0.415 
-0.415 
-0.415 
-0.405 
-0.4 
-0.4 
-0.405 
-0.41 
-0.405 
-0.395 
-0.39 
-0.395 
-0.415 
-0.415 
-0.42 
-0.41 
-0.4 
-0.4 
-0.4 
-0.415 
-0.41 
-0.4 
-0.39 
-0.385 
-0.405 
-0.41 
-0.395 
-0.395 
-0.4 
-0.4 
-0.415 
-0.42 
-0.42 
-0.425 
-0.42 
-0.42 
-0.43 
-0.435 
-0.44 
-0.43 
-0.42 
-0.415 
-0.45 
-0.45 
-0.44 
-0.435 
-0.43 
-0.44 
-0.44 
-0.43 
-0.425 
-0.41 
-0.41 
-0.405 
-0.385 
-0.395 
-0.38 
-0.37 
-0.375 
-0.375 
-0.36 
-0.37 
-0.36 
-0.33 
-0.335 
-0.33 
-0.345 
-0.355 
-0.35 
-0.335 
-0.34 
-0.345 
-0.35 
-0.35 
-0.35 
-0.34 
-0.345 
-0.34 
-0.345 
-0.345 
-0.355 
-0.345 
-0.34 
-0.345 
-0.36 
-0.365 
-0.365 
-0.35 
-0.35 
-0.345 
-0.35 
-0.36 
-0.355 
-0.355 
-0.345 
-0.345 
-0.375 
-0.38 
-0.38 
-0.375 
-0.375 
-0.37 
-0.38 
-0.385 
-0.375 
-0.355 
-0.365 
-0.37 
-0.37 
-0.39 
-0.38 
-0.385 
-0.385 
-0.38 
-0.395 
-0.405 
-0.4 
-0.39 
-0.39 
-0.39 
-0.39 
-0.395 
-0.39 
-0.38 
-0.38 
-0.395 
-0.4 
-0.405 
-0.405 
-0.405 
-0.395 
-0.385 
-0.395 
-0.41 
-0.405 
-0.39 
-0.39 
-0.39 
-0.39 
-0.4 
-0.395 
-0.38 
-0.38 
-0.405 
-0.415 
-0.415 
-0.4 
-0.4 
-0.375 
-0.375 
-0.38 
-0.38 
-0.385 
-0.375 
-0.37 
-0.36 
-0.37 
-0.365 
-0.345 
-0.335 
-0.315 
-0.325 
-0.325 
-0.325 
-0.32 
-0.295 
-0.28 
-0.275 
-0.28 
-0.285 
-0.29 
-0.28 
-0.28 
-0.275 
-0.29 
-0.305 
-0.305 
-0.305 
-0.305 
-0.3 
-0.29 
-0.3 
-0.31 
-0.3 
-0.3 
-0.315 
-0.32 
-0.315 
-0.3 
-0.285 
-0.305 
-0.33 
-0.35 
-0.375 
-0.38 
-0.385 
-0.39 
-0.4 
-0.405 
-0.425 
-0.425 
-0.41 
-0.405 
-0.415 
-0.425 
-0.44 
-0.44 
-0.425 
-0.415 
-0.425 
-0.435 
-0.45 
-0.44 
-0.43 
-0.42 
-0.425 
-0.43 
-0.44 
-0.43 
-0.425 
-0.46 
-0.5 
-0.53 
-0.585 
-0.6 
-0.61 
-0.63 
-0.58 
-0.49 
-0.365 
-0.195 
0.01 
0.265 
0.535 
0.725 
0.82 
0.76 
0.51 
0.13 
-0.235 
-0.465 
-0.58 
-0.58 
-0.545 
-0.48 
-0.465 
-0.455 
-0.485 
-0.485 
-0.465 
-0.46 
-0.455 
-0.46 
-0.46 
-0.465 
-0.46 
-0.47 
-0.465 
-0.47 
-0.48 
-0.465 
-0.465 
-0.45 
-0.465 
-0.47 
-0.485 
-0.48 
-0.465 
-0.47 
-0.47 
-0.47 
-0.49 
-0.475 
-0.475 
-0.46 
-0.465 
-0.465 
-0.485 
-0.475 
-0.49 
-0.455 
-0.46 
-0.465 
-0.475 
-0.47 
-0.47 
-0.455 
-0.47 
-0.475 
-0.49 
-0.475 
-0.47 
-0.46 
-0.465 
-0.47 
-0.48 
-0.465 
-0.465 
-0.47 
-0.47 
-0.465 
-0.475 
-0.475 
-0.465 
-0.45 
-0.44 
-0.46 
-0.465 
-0.46 
-0.455 
-0.455 
-0.45 
-0.465 
-0.47 
-0.48 
-0.46 
-0.45 
-0.46 
-0.455 
-0.465 
-0.47 
-0.475 
-0.46 
-0.48 
-0.47 
-0.49 
-0.495 
-0.485 
-0.475 
-0.48 
-0.5 
-0.505 
-0.505 
-0.505 
-0.495 
-0.5 
-0.5 
-0.505 
-0.505 
-0.5 
-0.485 
-0.48 
-0.475 
-0.48 
-0.465 
-0.45 
-0.435 
-0.425 
-0.43 
-0.43 
-0.405 
-0.4 
-0.375 
-0.37 
-0.385 
-0.385 
-0.37 
-0.365 
-0.345 
-0.345 
-0.36 
-0.36 
-0.355 
-0.335 
-0.335 
-0.33 
-0.33 
-0.355 
-0.335 
-0.33 
-0.34 
-0.35 
-0.33 
-0.355 
-0.345 
-0.34 
-0.325 
-0.34 
-0.345 
-0.35 
-0.35 
-0.33 
-0.335 
-0.335 
-0.345 
-0.35 
-0.35 
-0.34 
-0.34 
-0.345 
-0.35 
-0.36 
-0.355 
-0.35 
-0.34 
-0.345 
-0.36 
-0.36 
-0.355 
-0.345 
-0.34 
-0.345 
-0.35 
-0.37 
-0.355 
-0.355 
-0.34 
-0.355 
-0.37 
-0.365 
-0.365 
-0.355 
-0.35 
-0.365 
-0.355 
-0.37 
-0.37 
-0.36 
-0.355 
-0.355 
-0.365 
-0.38 
-0.365 
-0.36 
-0.36 
-0.36 
-0.365 
-0.375 
-0.36 
-0.355 
-0.35 
-0.365 
-0.365 
-0.37 
-0.375 
-0.36 
-0.34 
-0.35 
-0.345 
-0.37 
-0.355 
-0.355 
-0.335 
-0.34 
-0.355 
-0.365 
-0.355 
-0.345 
-0.34 
-0.34 
-0.35 
-0.365 
-0.355 
-0.34 
-0.34 
-0.32 
-0.325 
-0.31 
-0.295 
-0.29 
-0.275 
-0.275 
-0.28 
-0.295 
-0.28 
-0.27 
-0.26 
-0.25 
-0.25 
-0.255 
-0.24 
-0.23 
-0.225 
-0.23 
-0.245 
-0.255 
-0.255 
-0.255 
-0.245 
-0.245 
-0.25 
-0.27 
-0.275 
-0.255 
-0.225 
-0.22 
-0.225 
-0.26 
-0.28 
-0.285 
-0.3 
-0.31 
-0.33 
-0.355 
-0.355 
-0.355 
-0.35 
-0.355 
-0.37 
-0.375 
-0.365 
-0.38 
-0.355 
-0.36 
-0.365 
-0.385 
-0.38 
-0.375 
-0.37 
-0.37 
-0.37 
-0.39 
-0.375 
-0.37 
-0.36 
-0.365 
-0.385 
-0.415 
-0.445 
-0.475 
-0.495 
-0.515 
-0.57 
-0.615 
-0.605 
-0.55 
-0.45 
-0.37 
-0.295 
-0.23 
-0.145 
-0.035 
0.135 
0.35 
0.58 
0.76 
0.9 
0.975 
0.965 
0.745 
0.355 
-0.09 
-0.4 
-0.505 
-0.485 
-0.44 
-0.4 
-0.4 
-0.395 
-0.395 
-0.39 
-0.39 
-0.4 
-0.415 
-0.41 
-0.415 
-0.4 
-0.405 
-0.415 
-0.41 
-0.405 
-0.41 
-0.395 
-0.4 
-0.4 
-0.405 
-0.415 
-0.415 
-0.395 
-0.395 
-0.405 
-0.405 
-0.4 
-0.41 
-0.39 
-0.385 
-0.4 
-0.405 
-0.4 
-0.405 
-0.395 
-0.39 
-0.4 
-0.405 
-0.395 
-0.395 
-0.385 
-0.39 
-0.4 
-0.4 
-0.4 
-0.39 
-0.4 
-0.39 
-0.39 
-0.4 
-0.39 
-0.385 
-0.38 
-0.39 
-0.395 
-0.4 
-0.39 
-0.39 
-0.385 
-0.385 
-0.39 
-0.395 
-0.39 
-0.395 
-0.385 
-0.375 
-0.405 
-0.4 
-0.405 
-0.395 
-0.395 
-0.4 
-0.4 
-0.4 
-0.4 
-0.4 
-0.39 
-0.4 
-0.4 
-0.405 
-0.4 
-0.4 
-0.4 
-0.4 
-0.395 
-0.405 
-0.4 
-0.405 
-0.4 
-0.405 
-0.4 
-0.4 
-0.4 
-0.39 
-0.37 
-0.375 
-0.365 
-0.365 
-0.35 
-0.34 
-0.335 
-0.32 
-0.325 
-0.33 
-0.32 
-0.305 
-0.295 
-0.285 
-0.3 
-0.305 
-0.305 
-0.29 
-0.28 
-0.28 
-0.29 
-0.3 
-0.29 
-0.285 
-0.285 
-0.28 
-0.295 
-0.305 
-0.3 
-0.285 
-0.285 
-0.285 
-0.285 
-0.295 
-0.3 
-0.29 
-0.29 
-0.29 
-0.3 
-0.31 
-0.31 
-0.3 
-0.3 
-0.3 
-0.31 
-0.32 
-0.31 
-0.315 
-0.32 
-0.315 
-0.315 
-0.325 
-0.315 
-0.31 
-0.305 
-0.31 
-0.315 
-0.325 
-0.32 
-0.31 
-0.315 
-0.315 
-0.315 
-0.32 
-0.325 
-0.325 
-0.31 
-0.305 
-0.32 
-0.335 
-0.325 
-0.315 
-0.315 
-0.315 
-0.32 
-0.325 
-0.33 
-0.33 
-0.32 
-0.32 
-0.325 
-0.335 
-0.34 
-0.34 
-0.325 
-0.325 
-0.325 
-0.35 
-0.34 
-0.33 
-0.32 
-0.325 
-0.33 
-0.335 
-0.33 
-0.32 
-0.31 
-0.325 
-0.315 
-0.325 
-0.33 
-0.315 
-0.305 
-0.31 
-0.32 
-0.325 
-0.315 
-0.305 
-0.3 
-0.32 
-0.31 
-0.32 
-0.3 
-0.285 
-0.265 
-0.255 
-0.26 
-0.255 
-0.25 
-0.235 
-0.24 
-0.225 
-0.22 
-0.23 
-0.225 
-0.2 
-0.19 
-0.195 
-0.2 
-0.21 
-0.21 
-0.2 
-0.21 
-0.205 
-0.225 
-0.235 
-0.23 
-0.22 
-0.22 
-0.235 
-0.23 
-0.22 
-0.195 
-0.185 
-0.215 
-0.245 
-0.265 
-0.3 
-0.3 
-0.3 
-0.305 
-0.32 
-0.33 
-0.34 
-0.335 
-0.32 
-0.315 
-0.32 
-0.33 
-0.345 
-0.34 
-0.345 
-0.33 
-0.335 
-0.345 
-0.36 
-0.345 
-0.35 
-0.335 
-0.34 
-0.345 
-0.355 
-0.35 
-0.345 
-0.34 
-0.355 
-0.365 
-0.395 
-0.42 
-0.455 
-0.47 
-0.485 
-0.53 
-0.585 
-0.535 
-0.415 
-0.285 
-0.13 
0.045 
0.31 
0.59 
0.795 
0.875 
0.78 
0.485 
0.065 
-0.295 
-0.47 
-0.495 
-0.445 
-0.4 
-0.385 
-0.385 
-0.37 
-0.37 
-0.355 
-0.37 
-0.385 
-0.38 
-0.375 
-0.375 
-0.38 
-0.38 
-0.385 
-0.385 
-0.38 
-0.37 
-0.37 
-0.39 
-0.385 
-0.37 
-0.37 
-0.36 
-0.365 
-0.37 
-0.385 
-0.38 
-0.375 
-0.365 
-0.37 
-0.385 
-0.38 
-0.38 
-0.365 
-0.365 
-0.37 
-0.375 
-0.385 
-0.375 
-0.375 
-0.365 
-0.365 
-0.38 
-0.375 
-0.37 
-0.36 
-0.345 
-0.355 
-0.365 
-0.37 
-0.37 
-0.35 
-0.36 
-0.35 
-0.36 
-0.375 
-0.365 
-0.365 
-0.36 
-0.355 
-0.36 
-0.375 
-0.37 
-0.36 
-0.355 
-0.36 
-0.365 
-0.375 
-0.365 
-0.355 
-0.355 
-0.355 
-0.355 
-0.36 
-0.365 
-0.365 
-0.35 
-0.365 
-0.365 
-0.375 
-0.39 
-0.38 
-0.37 
-0.37 
-0.375 
-0.38 
-0.385 
-0.37 
-0.355 
-0.365 
-0.385 
-0.385 
-0.37 
-0.37 
-0.355 
-0.335 
-0.34 
-0.335 
-0.33 
-0.315 
-0.295 
-0.305 
-0.295 
-0.305 
-0.3 
-0.295 
-0.275 
-0.275 
-0.295 
-0.29 
-0.295 
-0.29 
-0.285 
-0.285 
-0.295 
-0.315 
-0.31 
-0.305 
-0.29 
-0.29 
-0.295 
-0.31 
-0.305 
-0.305 
-0.3 
-0.295 
-0.31 
-0.315 
-0.31 
-0.3 
-0.29 
-0.29 
-0.3 
-0.31 
-0.305 
-0.315 
-0.315 
-0.31 
-0.33 
-0.33 
-0.325 
-0.315 
-0.315 
-0.325 
-0.34 
-0.345 
-0.34 
-0.335 
-0.335 
-0.335 
-0.355 
-0.36 
-0.35 
-0.34 
-0.33 
-0.34 
-0.355 
-0.365 
-0.355 
-0.345 
-0.335 
-0.345 
-0.35 
-0.36 
-0.36 
-0.355 
-0.36 
-0.355 
-0.36 
-0.365 
-0.365 
-0.36 
-0.355 
-0.35 
-0.36 
-0.37 
-0.36 
-0.365 
-0.365 
-0.365 
-0.365 
-0.365 
-0.36 
-0.355 
-0.355 
-0.355 
-0.365 
-0.375 
-0.365 
-0.355 
-0.36 
-0.355 
-0.37 
-0.375 
-0.365 
-0.35 
-0.35 
-0.34 
-0.33 
-0.325 
-0.32 
-0.31 
-0.3 
-0.29 
-0.285 
-0.285 
-0.27 
-0.265 
-0.25 
-0.245 
-0.25 
-0.265 
-0.265 
-0.27 
-0.26 
-0.275 
-0.29 
-0.3 
-0.285 
-0.285 
-0.285 
-0.295 
-0.29 
-0.29 
-0.265 
-0.275 
-0.29 
-0.325 
-0.34 
-0.36 
-0.375 
-0.365 
-0.375 
-0.38 
-0.4 
-0.415 
-0.385 
-0.375 
-0.37 
-0.38 
-0.395 
-0.4 
-0.41 
-0.405 
-0.405 
-0.4 
-0.415 
-0.425 
-0.425 
-0.41 
-0.4 
-0.41 
-0.42 
-0.43 
-0.43 
-0.425 
-0.4 
-0.4 
-0.41 
-0.43 
-0.465 
-0.49 
-0.495 
-0.515 
-0.565 
-0.61 
-0.62 
-0.565 
-0.445 
-0.305 
-0.145 
0.08 
0.37 
0.63 
0.78 
0.8 
0.635 
0.325 
-0.05 
-0.31 
-0.455 
-0.55 
-0.575 
-0.555 
-0.495 
-0.465 
-0.445 
-0.45 
-0.445 
-0.445 
-0.44 
-0.44 
-0.44 
-0.44 
-0.455 
-0.47 
-0.47 
-0.47 
-0.465 
-0.46 
-0.46 
-0.46 
-0.465 
-0.45 
-0.445 
-0.44 
-0.455 
-0.47 
-0.465 
-0.46 
-0.435 
-0.44 
-0.455 
-0.48 
-0.455 
-0.455 
-0.45 
-0.45 
-0.46 
-0.47 
-0.455 
-0.46 
-0.46 
-0.45 
-0.455 
-0.46 
-0.45 
-0.46 
-0.46 
-0.465 
-0.48 
-0.495 
-0.48 
-0.455 
-0.45 
-0.45 
-0.45 
-0.46 
-0.465 
-0.455 
-0.44 
-0.45 
-0.46 
-0.465 
-0.46 
-0.45 
-0.455 
-0.45 
-0.45 
-0.46 
-0.45 
-0.45 
-0.445 
-0.445 
-0.45 
-0.46 
-0.465 
-0.455 
-0.45 
-0.46 
-0.48 
-0.49 
-0.485 
-0.48 
-0.475 
-0.48 
-0.5 
-0.515 
-0.52 
-0.515 
-0.52 
-0.505 
-0.5 
-0.51 
-0.5 
-0.475 
-0.45 
-0.45 
-0.455 
-0.45 
-0.445 
-0.425 
-0.415 
-0.41 
-0.405 
-0.4 
-0.39 
-0.385 
-0.365 
-0.38 
-0.38 
-0.39 
-0.385 
-0.365 
-0.35 
-0.345 
-0.35 
-0.365 
-0.36 
-0.36 
-0.355 
-0.37 
-0.37 
-0.385 
-0.38 
-0.365 
-0.36 
-0.38 
-0.38 
-0.385 
-0.385 
-0.38 
-0.365 
-0.37 
-0.375 
-0.385 
-0.39 
-0.37 
-0.375 
-0.37 
-0.38 
-0.39 
-0.395 
-0.39 
-0.39 
-0.395 
-0.405 
-0.41 
-0.415 
-0.405 
-0.4 
-0.4 
-0.4 
-0.42 
-0.41 
-0.4 
-0.39 
-0.395 
-0.405 
-0.43 
-0.42 
-0.415 
-0.415 
-0.415 
-0.41 
-0.43 
-0.42 
-0.415 
-0.405 
-0.415 
-0.42 
-0.435 
-0.43 
-0.425 
-0.41 
-0.415 
-0.425 
-0.425 
-0.425 
-0.415 
-0.395 
-0.4 
-0.41 
-0.425 
-0.41 
-0.41 
-0.395 
-0.395 
-0.4 
-0.405 
-0.39 
-0.38 
-0.355 
-0.355 
-0.34 
-0.36 
-0.36 
-0.34 
-0.33 
-0.32 
-0.32 
-0.31 
-0.315 
-0.295 
-0.29 
-0.29 
-0.31 
-0.31 
-0.3 
-0.285 
-0.275 
-0.265 
-0.25 
-0.26 
-0.285 
-0.3 
-0.33 
-0.34 
-0.365 
-0.4 
-0.4 
-0.405 
-0.395 
-0.405 
-0.41 
-0.43 
-0.425 
-0.42 
-0.415 
-0.42 
-0.425 
-0.44 
-0.445 
-0.43 
-0.425 
-0.43 
-0.435 
-0.44 
-0.435 
-0.435 
-0.42 
-0.42 
-0.425 
-0.43 
-0.435 
-0.435 
-0.43 
-0.46 
-0.51 
-0.545 
-0.56 
-0.575 
-0.605 
-0.625 
-0.57 
-0.455 
-0.285 
-0.125 
0.085 
0.345 
0.595 
0.775 
0.84 
0.75 
0.465 
0.03 
-0.33 
-0.525 
-0.575 
-0.545 
-0.495 
-0.46 
-0.46 
-0.475 
-0.47 
-0.455 
-0.44 
-0.445 
-0.46 
-0.465 
-0.47 
-0.465 
-0.455 
-0.46 
-0.475 
-0.465 
-0.47 
-0.46 
-0.445 
-0.445 
-0.46 
-0.46 
-0.46 
-0.455 
-0.45 
-0.45 
-0.465 
-0.465 
-0.47 
-0.465 
-0.455 
-0.45 
-0.455 
-0.47 
-0.465 
-0.465 
-0.45 
-0.465 
-0.46 
-0.47 
-0.465 
-0.455 
-0.445 
-0.445 
-0.47 
-0.465 
-0.46 
-0.455 
-0.44 
-0.445 
-0.45 
-0.465 
-0.45 
-0.445 
-0.445 
-0.445 
-0.45 
-0.45 
-0.47 
-0.45 
-0.445 
-0.44 
-0.45 
-0.46 
-0.455 
-0.445 
-0.44 
-0.44 
-0.445 
-0.46 
-0.465 
-0.46 
-0.455 
-0.45 
-0.46 
-0.46 
-0.47 
-0.455 
-0.46 
-0.46 
-0.46 
-0.465 
-0.475 
-0.46 
-0.465 
-0.455 
-0.48 
-0.495 
-0.485 
-0.475 
-0.47 
-0.495 
-0.48 
-0.49 
-0.485 
-0.46 
-0.44 
-0.435 
-0.435 
-0.435 
-0.435 
-0.415 
-0.395 
-0.38 
-0.38 
-0.375 
-0.365 
-0.35 
-0.345 
-0.33 
-0.35 
-0.35 
-0.345 
-0.34 
-0.33 
-0.335 
-0.345 
-0.35 
-0.355 
-0.35 
-0.335 
-0.335 
-0.345 
-0.355 
-0.36 
-0.34 
-0.35 
-0.355 
-0.355 
-0.365 
-0.365 
-0.365 
-0.36 
-0.34 
-0.35 
-0.35 
-0.36 
-0.355 
-0.345 
-0.345 
-0.36 
-0.375 
-0.38 
-0.365 
-0.365 
-0.355 
-0.375 
-0.39 
-0.39 
-0.38 
-0.365 
-0.375 
-0.385 
-0.395 
-0.39 
-0.375 
-0.38 
-0.385 
-0.38 
-0.395 
-0.39 
-0.385 
-0.375 
-0.37 
-0.38 
-0.395 
-0.395 
-0.37 
-0.38 
-0.37 
-0.38 
-0.39 
-0.385 
-0.375 
-0.385 
-0.395 
-0.4 
-0.395 
-0.385 
-0.38 
-0.375 
-0.37 
-0.385 
-0.39 
-0.4 
-0.375 
-0.36 
-0.375 
-0.375 
-0.39 
-0.39 
-0.38 
-0.37 
-0.38 
-0.38 
-0.4 
-0.39 
-0.385 
-0.37 
-0.375 
-0.375 
-0.39 
-0.385 
-0.375 
-0.38 
-0.38 
-0.385 
-0.375 
-0.375 
-0.36 
-0.35 
-0.36 
-0.365 
-0.375 
-0.36 
-0.345 
-0.32 
-0.305 
-0.31 
-0.32 
-0.32 
-0.3 
-0.29 
-0.29 
-0.285 
-0.29 
-0.28 
-0.27 
-0.255 
-0.275 
-0.27 
-0.29 
-0.3 
-0.28 
-0.28 
-0.28 
-0.29 
-0.3 
-0.3 
-0.28 
-0.275 
-0.295 
-0.285 
-0.31 
-0.275 
-0.255 
-0.255 
-0.3 
-0.33 
-0.355 
-0.36 
-0.37 
-0.375 
-0.375 
-0.39 
-0.405 
-0.4 
-0.395 
-0.39 
-0.395 
-0.395 
-0.405 
-0.41 
-0.395 
-0.39 
-0.395 
-0.4 
-0.415 
-0.41 
-0.41 
-0.4 
-0.4 
-0.415 
-0.42 
-0.425 
-0.445 
-0.465 
-0.515 
-0.55 
-0.565 
-0.61 
-0.62 
-0.57 
-0.45 
-0.315 
-0.17 
0.03 
0.295 
0.57 
0.775 
0.9 
0.965 
0.935 
0.75 
0.4 
-0.025 
-0.36 
-0.53 
-0.555 
-0.51 
-0.455 
-0.425 
-0.43 
-0.445 
-0.44 
-0.435 
-0.43 
-0.43 
-0.445 
-0.455 
-0.455 
-0.445 
-0.45 
-0.44 
-0.45 
-0.45 
-0.455 
-0.45 
-0.435 
-0.425 
-0.435 
-0.445 
-0.445 
-0.445 
-0.445 
-0.435 
-0.44 
-0.46 
-0.475 
-0.455 
-0.45 
-0.435 
-0.445 
-0.455 
-0.46 
-0.45 
-0.44 
-0.435 
-0.445 
-0.44 
-0.44 
-0.43 
-0.43 
-0.445 
-0.45 
-0.46 
-0.455 
-0.445 
-0.435 
-0.44 
-0.44 
-0.45 
-0.445 
-0.445 
-0.425 
-0.43 
-0.44 
-0.445 
-0.445 
-0.435 
-0.425 
-0.435 
-0.435 
-0.435 
-0.44 
-0.43 
-0.425 
-0.435 
-0.435 
-0.445 
-0.45 
-0.44 
-0.43 
-0.425 
-0.44 
-0.45 
-0.44 
-0.435 
-0.425 
-0.42 
-0.43 
-0.435 
-0.44 
-0.43 
-0.43 
-0.435 
-0.44 
-0.455 
-0.45 
-0.445 
-0.45 
-0.425 
-0.43 
-0.44 
-0.43 
-0.405 
-0.39 
-0.39 
-0.375 
-0.375 
-0.37 
-0.345 
-0.35 
-0.34 
-0.34 
-0.35 
-0.335 
-0.335 
-0.33 
-0.32 
-0.34 
-0.34 
-0.335 
-0.33 
-0.325 
-0.325 
-0.335 
-0.345 
-0.34 
-0.33 
-0.33 
-0.335 
-0.34 
-0.35 
-0.355 
-0.34 
-0.335 
-0.325 
-0.34 
-0.345 
-0.35 
-0.35 
-0.335 
-0.345 
-0.35 
-0.355 
-0.355 
-0.35 
-0.35 
-0.345 
-0.355 
-0.365 
-0.36 
-0.355 
-0.345 
-0.36 
-0.355 
-0.365 
-0.38 
-0.365 
-0.36 
-0.355 
-0.36 
-0.36 
-0.375 
-0.365 
-0.355 
-0.36 
-0.365 
-0.385 
-0.385 
-0.375 
-0.375 
-0.37 
-0.375 
-0.385 
-0.395 
-0.375 
-0.37 
-0.37 
-0.37 
-0.38 
-0.38 
-0.36 
-0.355 
-0.355 
-0.37 
-0.375 
-0.375 
-0.37 
-0.365 
-0.375 
-0.375 
-0.385 
-0.39 
-0.37 
-0.37 
-0.365 
-0.385 
-0.385 
-0.38 
-0.375 
-0.355 
-0.35 
-0.355 
-0.35 
-0.33 
-0.315 
-0.305 
-0.29 
-0.3 
-0.295 
-0.3 
-0.285 
-0.275 
-0.26 
-0.275 
-0.28 
-0.27 
-0.26 
-0.255 
-0.255 
-0.265 
-0.275 
-0.275 
-0.275 
-0.27 
-0.285 
-0.29 
-0.29 
-0.29 
-0.285 
-0.295 
-0.29 
-0.28 
-0.255 
-0.265 
-0.28 
-0.305 
-0.315 
-0.33 
-0.36 
-0.375 
-0.37 
-0.355 
-0.38 
-0.39 
-0.4 
-0.4 
-0.4 
-0.4 
-0.405 
-0.41 
-0.415 
-0.42 
-0.4 
-0.395 
-0.41 
-0.4 
-0.41 
-0.41 
-0.4 
-0.395 
-0.395 
-0.415 
-0.435 
-0.445 
-0.475 
-0.51 
-0.53 
-0.56 
-0.605 
-0.635 
-0.61 
-0.505 
-0.375 
-0.245 
-0.08 
0.175 
0.45 
0.665 
0.795 
0.88 
0.91 
0.825 
0.655 
0.405 
0.105 
-0.185 
-0.41 
-0.54 
-0.565 
-0.52 
-0.47 
-0.445 
-0.45 
-0.455 
-0.445 
-0.425 
-0.44 
-0.44 
-0.46 
-0.455 
-0.445 
-0.435 
-0.44 
-0.44 
-0.46 
-0.46 
-0.445 
-0.43 
-0.44 
-0.455 
-0.47 
-0.46 
-0.445 
-0.435 
-0.435 
-0.45 
-0.465 
-0.46 
-0.455 
-0.45 
-0.455 
-0.46 
-0.465 
-0.465 
-0.45 
-0.46 
-0.455 
-0.45 
-0.46 
-0.45 
-0.45 
-0.445 
-0.455 
-0.465 
-0.465 
-0.47 
-0.47 
-0.445 
-0.44 
-0.445 
-0.47 
-0.47 
-0.47 
-0.455 
-0.45 
-0.455 
-0.475 
-0.48 
-0.455 
-0.44 
-0.44 
-0.44 
-0.455 
-0.455 
-0.445 
-0.43 
-0.435 
-0.445 
-0.465 
-0.475 
-0.455 
-0.445 
-0.455 
-0.45 
-0.455 
-0.455 
-0.465 
-0.46 
-0.45 
-0.465 
-0.475 
-0.475 
-0.465 
-0.45 
-0.45 
-0.46 
-0.485 
-0.465 
-0.465 
-0.47 
-0.47 
-0.485 
-0.495 
-0.495 
-0.47 
-0.465 
-0.475 
-0.47 
-0.47 
-0.455 
-0.45 
-0.44 
-0.435 
-0.425 
-0.43 
-0.435 
-0.415 
-0.395 
-0.395 
-0.405 
-0.41 
-0.405 
-0.38 
-0.375 
-0.37 
-0.38 
-0.385 
-0.375 
-0.365 
-0.36 
-0.36 
-0.375 
-0.375 
-0.37 
-0.36 
-0.355 
-0.36 
-0.375 
-0.38 
-0.385 
-0.385 
-0.37 
-0.375 
-0.375 
-0.385 
-0.375 
-0.37 
-0.37 
-0.385 
-0.4 
-0.4 
-0.4 
-0.39 
-0.375 
-0.375 
-0.39 
-0.395 
-0.4 
-0.385 
-0.38 
-0.37 
-0.395 
-0.405 
-0.405 
-0.395 
-0.385 
-0.385 
-0.405 
-0.41 
-0.425 
-0.41 
-0.405 
-0.41 
-0.415 
-0.425 
-0.42 
-0.415 
-0.41 
-0.42 
-0.415 
-0.425 
-0.425 
-0.42 
-0.4 
-0.41 
-0.4 
-0.41 
-0.42 
-0.41 
-0.41 
-0.41 
-0.415 
-0.425 
-0.425 
-0.41 
-0.405 
-0.4 
-0.41 
-0.425 
-0.415 
-0.41 
-0.395 
-0.38 
-0.4 
-0.415 
-0.42 
-0.405 
-0.405 
-0.415 
-0.415 
-0.425 
-0.42 
-0.41 
-0.39 
-0.4 
-0.41 
-0.415 
-0.41 
-0.385 
-0.375 
-0.365 
-0.35 
-0.36 
-0.35 
-0.335 
-0.32 
-0.335 
-0.34 
-0.335 
-0.32 
-0.3 
-0.285 
-0.285 
-0.295 
-0.31 
-0.315 
-0.325 
-0.3 
-0.315 
-0.32 
-0.32 
-0.315 
-0.315 
-0.33 
-0.35 
-0.34 
-0.315 
-0.295 
-0.29 
-0.305 
-0.335 
-0.365 
-0.39 
-0.4 
-0.405 
-0.405 
-0.41 
-0.425 
-0.445 
-0.44 
-0.43 
-0.425 
-0.425 
-0.42 
-0.43 
-0.43 
-0.425 
-0.425 
-0.435 
-0.445 
-0.445 
-0.445 
-0.43 
-0.42 
-0.425 
-0.425 
-0.45 
-0.44 
-0.445 
-0.435 
-0.435 
-0.435 
-0.455 
-0.495 
-0.52 
-0.525 
-0.545 
-0.585 
-0.64 
-0.645 
-0.585 
-0.455 
-0.34 
-0.22 
-0.03 
0.22 
0.505 
0.7 
0.81 
0.815 
0.655 
0.335 
0.005 
-0.255 
-0.42 
-0.52 
-0.575 
-0.61 
-0.615 
-0.585 
-0.565 
-0.53 
-0.505 
-0.495 
-0.49 
-0.485 
-0.485 
-0.475 
-0.485 
-0.48 
-0.475 
-0.45 
-0.46 
-0.47 
-0.48 
-0.485 
-0.47 
-0.46 
-0.47 
-0.465 
-0.475 
-0.47 
-0.45 
-0.445 
-0.45 
-0.475 
-0.475 
-0.48 
-0.455 
-0.465 
-0.455 
-0.465 
-0.475 
-0.48 
-0.47 
-0.465 
-0.465 
-0.475 
-0.47 
-0.475 
-0.46 
-0.455 
-0.455 
-0.465 
-0.48 
-0.48 
-0.465 
-0.46 
-0.465 
-0.465 
-0.475 
-0.465 
-0.475 
-0.445 
-0.46 
-0.45 
-0.465 
-0.46 
-0.45 
-0.445 
-0.44 
-0.445 
-0.45 
-0.465 
-0.45 
-0.45 
-0.455 
-0.47 
-0.465 
-0.465 
-0.455 
-0.46 
-0.45 
-0.46 
-0.47 
-0.475 
-0.47 
-0.475 
-0.49 
-0.495 
-0.505 
-0.495 
-0.475 
-0.47 
-0.48 
-0.5 
-0.5 
-0.515 
-0.51 
-0.5 
-0.495 
-0.51 
-0.52 
-0.53 
-0.515 
-0.5 
-0.51 
-0.51 
-0.515 
-0.515 
-0.5 
-0.475 
-0.475 
-0.48 
-0.475 
-0.47 
-0.465 
-0.45 
-0.455 
-0.45 
-0.435 
-0.435 
-0.415 
-0.395 
-0.39 
-0.4 
-0.385 
-0.39 
-0.37 
-0.355 
-0.35 
-0.35 
-0.345 
-0.36 
-0.345 
-0.33 
-0.335 
-0.345 
-0.35 
-0.355 
-0.35 
-0.34 
-0.34 
-0.335 
-0.345 
-0.345 
-0.35 
-0.335 
-0.34 
-0.34 
-0.36 
-0.37 
-0.345 
-0.33 
-0.34 
-0.35 
-0.35 
-0.36 
-0.355 
-0.34 
-0.34 
-0.355 
-0.35 
-0.365 
-0.355 
-0.34 
-0.35 
-0.355 
-0.375 
-0.365 
-0.365 
-0.36 
-0.365 
-0.37 
-0.37 
-0.385 
-0.375 
-0.36 
-0.36 
-0.37 
-0.375 
-0.38 
-0.37 
-0.36 
-0.37 
-0.37 
-0.385 
-0.375 
-0.37 
-0.365 
-0.375 
-0.37 
-0.375 
-0.385 
-0.375 
-0.37 
-0.375 
-0.39 
-0.385 
-0.38 
-0.38 
-0.36 
-0.365 
-0.37 
-0.385 
-0.38 
-0.375 
-0.355 
-0.355 
-0.37 
-0.37 
-0.385 
-0.385 
-0.36 
-0.37 
-0.36 
-0.37 
-0.375 
-0.37 
-0.36 
-0.36 
-0.37 
-0.365 
-0.38 
-0.36 
-0.355 
-0.35 
-0.365 
-0.36 
-0.355 
-0.34 
-0.315 
-0.32 
-0.31 
-0.315 
-0.31 
-0.295 
-0.29 
-0.285 
-0.275 
-0.27 
-0.27 
-0.255 
-0.255 
-0.26 
-0.265 
-0.275 
-0.28 
-0.28 
-0.28 
-0.28 
-0.275 
-0.285 
-0.29 
-0.285 
-0.26 
-0.25 
-0.235 
-0.25 
-0.28 
-0.305 
-0.32 
-0.32 
-0.345 
-0.36 
-0.375 
-0.37 
-0.37 
-0.37 
-0.375 
-0.375 
-0.385 
-0.38 
-0.375 
-0.38 
-0.385 
-0.395 
-0.4 
-0.39 
-0.375 
-0.375 
-0.375 
-0.385 
-0.39 
-0.375 
-0.36 
-0.37 
-0.37 
-0.38 
-0.4 
-0.39 
-0.385 
-0.39 
-0.415 
-0.45 
-0.49 
-0.51 
-0.515 
-0.535 
-0.575 
-0.605 
-0.56 
-0.44 
-0.295 
-0.135 
0.045 
0.285 
0.565 
0.79 
0.91 
0.895 
0.685 
0.295 
-0.14 
-0.425 
-0.515 
-0.5 
-0.45 
-0.43 
-0.415 
-0.415 
-0.4 
-0.4 
-0.405 
-0.425 
-0.42 
-0.43 
-0.415 
-0.415 
-0.415 
-0.425 
-0.43 
-0.415 
-0.405 
-0.4 
-0.41 
-0.42 
-0.435 
-0.42 
-0.415 
-0.415 
-0.425 
-0.43 
-0.425 
-0.42 
-0.4 
-0.41 
-0.42 
-0.43 
-0.43 
-0.42 
-0.41 
-0.4 
-0.415 
-0.42 
-0.42 
-0.42 
-0.415 
-0.41 
-0.415 
-0.415 
-0.415 
-0.41 
-0.4 
-0.405 
-0.42 
-0.415 
-0.42 
-0.405 
-0.4 
-0.42 
-0.415 
-0.415 
-0.41 
-0.41 
-0.405 
-0.41 
-0.4 
-0.41 
-0.42 
-0.405 
-0.39 
-0.405 
-0.395 
-0.395 
-0.405 
-0.395 
-0.38 
-0.39 
-0.4 
-0.405 
-0.415 
-0.41 
-0.39 
-0.405 
-0.405 
-0.41 
-0.42 
-0.42 
-0.415 
-0.42 
-0.43 
-0.435 
-0.44 
-0.43 
-0.43 
-0.425 
-0.42 
-0.435 
-0.445 
-0.425 
-0.41 
-0.42 
-0.415 
-0.415 
-0.405 
-0.4 
-0.375 
-0.365 
-0.36 
-0.37 
-0.36 
-0.345 
-0.325 
-0.325 
-0.335 
-0.32 
-0.32 
-0.31 
-0.3 
-0.295 
-0.3 
-0.31 
-0.305 
-0.29 
-0.29 
-0.295 
-0.305 
-0.31 
-0.31 
-0.3 
-0.29 
-0.29 
-0.3 
-0.32 
-0.31 
-0.285 
-0.295 
-0.295 
-0.305 
-0.31 
-0.305 
-0.31 
-0.31 
-0.3 
-0.305 
-0.31 
-0.315 
-0.32 
-0.31 
-0.31 
-0.315 
-0.325 
-0.34 
-0.32 
-0.32 
-0.325 
-0.33 
-0.33 
-0.345 
-0.315 
-0.32 
-0.315 
-0.32 
-0.335 
-0.34 
-0.33 
-0.33 
-0.32 
-0.325 
-0.335 
-0.335 
-0.33 
-0.325 
-0.335 
-0.34 
-0.345 
-0.345 
-0.34 
-0.33 
-0.335 
-0.34 
-0.345 
-0.355 
-0.345 
-0.33 
-0.335 
-0.34 
-0.35 
-0.345 
-0.345 
-0.335 
-0.35 
-0.34 
-0.355 
-0.35 
-0.33 
-0.335 
-0.34 
-0.325 
-0.335 
-0.34 
-0.33 
-0.325 
-0.33 
-0.32 
-0.335 
-0.345 
-0.335 
-0.325 
-0.32 
-0.34 
-0.35 
-0.345 
-0.335 
-0.32 
-0.325 
-0.325 
-0.32 
-0.325 
-0.3 
-0.285 
-0.27 
-0.275 
-0.28 
-0.275 
-0.255 
-0.24 
-0.23 
-0.23 
-0.225 
-0.225 
-0.22 
-0.21 
-0.215 
-0.23 
-0.235 
-0.245 
-0.24 
-0.245 
-0.23 
-0.24 
-0.265 
-0.265 
-0.24 
-0.22 
-0.2 
-0.21 
-0.245 
-0.275 
-0.285 
-0.28 
-0.3 
-0.33 
-0.34 
-0.35 
-0.345 
-0.335 
-0.335 
-0.335 
-0.345 
-0.36 
-0.35 
-0.34 
-0.335 
-0.35 
-0.35 
-0.355 
-0.35 
-0.345 
-0.355 
-0.345 
-0.36 
-0.365 
-0.355 
-0.35 
-0.345 
-0.36 
-0.37 
-0.375 
-0.38 
-0.4 
-0.445 
-0.48 
-0.51 
-0.535 
-0.57 
-0.55 
-0.47 
-0.345 
-0.215 
-0.055 
0.165 
0.445 
0.705 
0.85 
0.89 
0.81 
0.53 
0.145 
-0.23 
-0.455 
-0.51 
-0.47 
-0.425 
-0.385 
-0.39 
-0.38 
-0.395 
-0.395 
-0.39 
-0.38 
-0.39 
-0.385 
-0.39 
-0.405 
-0.395 
-0.39 
-0.38 
-0.39 
-0.4 
-0.405 
-0.39 
-0.375 
-0.375 
-0.38 
-0.385 
-0.395 
-0.39 
-0.38 
-0.385 
-0.38 
-0.385 
-0.39 
-0.38 
-0.38 
-0.365 
-0.375 
-0.385 
-0.38 
-0.38 
-0.365 
-0.365 
-0.375 
-0.38 
-0.39 
-0.385 
-0.38 
-0.375 
-0.375 
-0.38 
-0.38 
-0.375 
-0.37 
-0.365 
-0.375 
-0.385 
-0.375 
-0.37 
-0.365 
-0.355 
-0.36 
-0.38 
-0.375 
-0.375 
-0.36 
-0.355 
-0.365 
-0.37 
-0.375 
-0.375 
-0.36 
-0.37 
-0.36 
-0.365 
-0.38 
-0.375 
-0.365 
-0.37 
-0.38 
-0.38 
-0.385 
-0.38 
-0.375 
-0.38 
-0.385 
-0.385 
-0.39 
-0.39 
-0.375 
-0.38 
-0.39 
-0.39 
-0.4 
-0.385 
-0.38 
-0.37 
-0.37 
-0.36 
-0.36 
-0.35 
-0.34 
-0.32 
-0.315 
-0.31 
-0.31 
-0.305 
-0.285 
-0.27 
-0.28 
-0.295 
-0.285 
-0.29 
-0.29 
-0.3 
-0.28 
-0.29 
-0.29 
-0.28 
-0.27 
-0.275 
-0.27 
-0.275 
-0.275 
-0.27 
-0.265 
-0.27 
-0.27 
-0.27 
-0.285 
-0.29 
-0.275 
-0.28 
-0.285 
-0.29 
-0.295 
-0.295 
-0.29 
-0.29 
-0.295 
-0.305 
-0.305 
-0.305 
-0.295 
-0.29 
-0.3 
-0.305 
-0.315 
-0.295 
-0.29 
-0.285 
-0.295 
-0.305 
-0.315 
-0.31 
-0.295 
-0.3 
-0.305 
-0.335 
-0.34 
-0.32 
-0.31 
-0.3 
-0.315 
-0.335 
-0.34 
-0.325 
-0.32 
-0.32 
-0.33 
-0.34 
-0.34 
-0.33 
-0.32 
-0.32 
-0.33 
-0.325 
-0.32 
-0.32 
-0.325 
-0.335 
-0.33 
-0.335 
-0.345 
-0.32 
-0.325 
-0.32 
-0.33 
-0.35 
-0.35 
-0.345 
-0.325 
-0.325 
-0.325 
-0.33 
-0.335 
-0.34 
-0.335 
-0.335 
-0.33 
-0.345 
-0.335 
-0.33 
-0.315 
-0.32 
-0.32 
-0.335 
-0.325 
-0.315 
-0.3 
-0.275 
-0.27 
-0.27 
-0.28 
-0.27 
-0.255 
-0.24 
-0.24 
-0.235 
-0.235 
-0.22 
-0.21 
-0.22 
-0.24 
-0.24 
-0.26 
-0.24 
-0.24 
-0.23 
-0.235 
-0.235 
-0.24 
-0.23 
-0.235 
-0.235 
-0.255 
-0.255 
-0.25 
-0.22 
-0.205 
-0.215 
-0.25 
-0.29 
-0.295 
-0.315 
-0.32 
-0.34 
-0.35 
-0.35 
-0.355 
-0.355 
-0.325 
-0.325 
-0.34 
-0.365 
-0.365 
-0.365 
-0.355 
-0.36 
-0.365 
-0.37 
-0.36 
-0.36 
-0.36 
-0.35 
-0.365 
-0.375 
-0.375 
-0.38 
-0.395 
-0.43 
-0.48 
-0.505 
-0.535 
-0.585 
-0.6 
-0.55 
-0.43 
-0.31 
-0.16 
0.06 
0.345 
0.595 
0.765 
0.86 
0.88 
0.795 
0.54 
0.185 
-0.19 
-0.415 
-0.525 
-0.515 
-0.46 
-0.42 
-0.41 
-0.42 
-0.44 
-0.42 
-0.4 
-0.405 
-0.41 
-0.43 
-0.41 
-0.405 
-0.41 
-0.405 
-0.42 
-0.425 
-0.425 
-0.415 
-0.405 
-0.41 
-0.42 
-0.43 
-0.425 
-0.42 
-0.415 
-0.41 
-0.415 
-0.415 
-0.43 
-0.41 
-0.4 
-0.415 
-0.43 
-0.43 
-0.435 
-0.425 
-0.415 
-0.41 
-0.42 
-0.42 
-0.425 
-0.425 
-0.42 
-0.425 
-0.42 
-0.425 
-0.435 
-0.43 
-0.42 
-0.43 
-0.43 
-0.425 
-0.425 
-0.425 
-0.41 
-0.41 
-0.405 
-0.42 
-0.42 
-0.405 
-0.415 
-0.415 
-0.425 
-0.43 
-0.445 
-0.435 
-0.42 
-0.42 
-0.425 
-0.44 
-0.44 
-0.445 
-0.425 
-0.425 
-0.45 
-0.445 
-0.45 
-0.45 
-0.445 
-0.435 
-0.45 
-0.46 
-0.465 
-0.465 
-0.455 
-0.45 
-0.46 
-0.475 
-0.475 
-0.475 
-0.46 
-0.45 
-0.445 
-0.44 
-0.44 
-0.425 
-0.415 
-0.4 
-0.39 
-0.39 
-0.39 
-0.375 
-0.36 
-0.355 
-0.355 
-0.35 
-0.35 
-0.35 
-0.345 
-0.35 
-0.35 
-0.35 
-0.345 
-0.34 
-0.325 
-0.345 
-0.335 
-0.345 
-0.35 
-0.35 
-0.355 
-0.34 
-0.34 
-0.335 
-0.34 
-0.34 
-0.34 
-0.345 
-0.335 
-0.35 
-0.355 
-0.34 
-0.35 
-0.34 
-0.36 
-0.375 
-0.38 
-0.365 
-0.355 
-0.355 
-0.355 
-0.36 
-0.36 
-0.355 
-0.35 
-0.345 
-0.36 
-0.37 
-0.395 
-0.37 
-0.36 
-0.36 
-0.375 
-0.39 
-0.385 
-0.375 
-0.375 
-0.37 
-0.37 
-0.38 
-0.385 
-0.385 
-0.375 
-0.365 
-0.38 
-0.39 
-0.4 
-0.385 
-0.37 
-0.39 
-0.39 
-0.395 
-0.41 
-0.4 
-0.39 
-0.365 
-0.38 
-0.38 
-0.38 
-0.39 
-0.375 
-0.37 
-0.37 
-0.38 
-0.4 
-0.37 
-0.37 
-0.36 
-0.37 
-0.375 
-0.38 
-0.38 
-0.365 
-0.35 
-0.345 
-0.335 
-0.34 
-0.325 
-0.325 
-0.325 
-0.32 
-0.33 
-0.325 
-0.315 
-0.29 
-0.29 
-0.285 
-0.285 
-0.28 
-0.265 
-0.265 
-0.26 
-0.28 
-0.285 
-0.305 
-0.295 
-0.275 
-0.265 
-0.27 
-0.285 
-0.305 
-0.305 
-0.305 
-0.3 
-0.29 
-0.295 
-0.3 
-0.315 
-0.33 
-0.345 
-0.375 
-0.385 
-0.39 
-0.385 
-0.38 
-0.385 
-0.39 
-0.39 
-0.39 
-0.385 
-0.395 
-0.395 
-0.395 
-0.425 
-0.415 
-0.41 
-0.395 
-0.395 
-0.41 
-0.405 
-0.415 
-0.4 
-0.395 
-0.405 
-0.415 
-0.435 
-0.47 
-0.5 
-0.49 
-0.495 
-0.535 
-0.6 
-0.615 
-0.575 
-0.475 
-0.35 
-0.19 
0.005 
0.265 
0.565 
0.78 
0.86 
0.735 
0.4 
-0.025 
-0.36 
-0.49 
-0.525 
-0.5 
-0.46 
-0.445 
-0.44 
-0.43 
-0.415 
-0.42 
-0.425 
-0.45 
-0.43 
-0.425 
-0.425 
-0.425 
-0.44 
-0.435 
-0.43 
-0.43 
-0.415 
-0.425 
-0.425 
-0.43 
-0.435 
-0.41 
-0.415 
-0.425 
-0.43 
-0.44 
-0.44 
-0.42 
-0.42 
-0.415 
-0.425 
-0.44 
-0.435 
-0.415 
-0.43 
-0.42 
-0.43 
-0.435 
-0.435 
-0.425 
-0.425 
-0.435 
-0.44 
-0.435 
-0.43 
-0.43 
-0.42 
-0.43 
-0.435 
-0.44 
-0.43 
-0.42 
-0.42 
-0.41 
-0.43 
-0.42 
-0.42 
-0.41 
-0.415 
-0.425 
-0.42 
-0.435 
-0.43 
-0.42 
-0.43 
-0.425 
-0.43 
-0.435 
-0.435 
-0.43 
-0.43 
-0.45 
-0.455 
-0.455 
-0.45 
-0.465 
-0.45 
-0.46 
-0.465 
-0.465 
-0.455 
-0.455 
-0.46 
-0.46 
-0.465 
-0.475 
-0.465 
-0.44 
-0.435 
-0.435 
-0.42 
-0.415 
-0.395 
-0.375 
-0.36 
-0.355 
-0.355 
-0.355 
-0.34 
-0.325 
-0.32 
-0.305 
-0.315 
-0.31 
-0.305 
-0.29 
-0.285 
-0.29 
-0.285 
-0.295 
-0.285 
-0.285 
-0.29 
-0.3 
-0.3 
-0.31 
-0.305 
-0.285 
-0.295 
-0.295 
-0.3 
-0.3 
-0.305 
-0.285 
-0.29 
-0.3 
-0.3 
-0.31 
-0.305 
-0.295 
-0.285 
-0.295 
-0.3 
-0.3 
-0.29 
-0.29 
-0.295 
-0.3 
-0.305 
-0.32 
-0.3 
-0.305 
-0.3 
-0.31 
-0.31 
-0.32 
-0.32 
-0.315 
-0.315 
-0.32 
-0.325 
-0.33 
-0.335 
-0.325 
-0.32 
-0.325 
-0.33 
-0.33 
-0.325 
-0.325 
-0.325 
-0.32 
-0.33 
-0.34 
-0.33 
-0.33 
-0.32 
-0.32 
-0.32 
-0.33 
-0.33 
-0.31 
-0.315 
-0.315 
-0.33 
-0.325 
-0.32 
-0.315 
-0.315 
-0.32 
-0.32 
-0.325 
-0.32 
-0.305 
-0.3 
-0.31 
-0.31 
-0.315 
-0.32 
-0.31 
-0.315 
-0.305 
-0.32 
-0.325 
-0.305 
-0.29 
-0.29 
-0.285 
-0.29 
-0.285 
-0.265 
-0.255 
-0.235 
-0.24 
-0.235 
-0.24 
-0.235 
-0.22 
-0.205 
-0.215 
-0.195 
-0.2 
-0.19 
-0.19 
-0.19 
-0.195 
-0.2 
-0.215 
-0.215 
-0.2 
-0.21 
-0.23 
-0.225 
-0.23 
-0.235 
-0.24 
-0.225 
-0.21 
-0.205 
-0.21 
-0.225 
-0.25 
-0.26 
-0.275 
-0.3 
-0.315 
-0.325 
-0.325 
-0.315 
-0.32 
-0.325 
-0.335 
-0.325 
-0.32 
-0.32 
-0.33 
-0.335 
-0.345 
-0.34 
-0.335 
-0.34 
-0.345 
-0.355 
-0.36 
-0.35 
-0.35 
-0.345 
-0.365 
-0.38 
-0.415 
-0.44 
-0.465 
-0.48 
-0.51 
-0.56 
-0.605 
-0.58 
-0.49 
-0.38 
-0.25 
-0.15 
-0.02 
0.205 
0.48 
0.735 
0.92 
0.98 
0.895 
0.625 
0.2 
-0.205 
-0.455 
-0.495 
-0.46 
-0.41 
-0.365 
-0.38 
-0.385 
-0.38 
-0.395 
-0.38 
-0.375 
-0.385 
-0.39 
-0.395 
-0.405 
-0.39 
-0.38 
-0.375 
-0.39 
-0.4 
-0.405 
-0.395 
-0.385 
-0.385 
-0.395 
-0.395 
-0.415 
-0.39 
-0.38 
-0.38 
-0.38 
-0.39 
-0.395 
-0.385 
-0.38 
-0.38 
-0.385 
-0.39 
-0.4 
-0.395 
-0.38 
-0.385 
-0.385 
-0.385 
-0.395 
-0.385 
-0.38 
-0.385 
-0.385 
-0.395 
-0.405 
-0.39 
-0.385 
-0.37 
-0.385 
-0.39 
-0.405 
-0.39 
-0.38 
-0.38 
-0.38 
-0.39 
-0.39 
-0.39 
-0.38 
-0.36 
-0.37 
-0.38 
-0.38 
-0.4 
-0.375 
-0.38 
-0.385 
-0.395 
-0.4 
-0.4 
-0.4 
-0.395 
-0.395 
-0.39 
-0.4 
-0.385 
-0.385 
-0.395 
-0.39 
-0.4 
-0.4 
-0.395 
-0.395 
-0.4 
-0.395 
-0.4 
-0.395 
-0.39 
-0.37 
-0.37 
-0.375 
-0.37 
-0.365 
-0.35 
-0.335 
-0.33 
-0.32 
-0.33 
-0.325 
-0.315 
-0.3 
-0.285 
-0.285 
-0.29 
-0.295 
-0.29 
-0.255 
-0.265 
-0.27 
-0.27 
-0.275 
-0.275 
-0.265 
-0.26 
-0.265 
-0.275 
-0.28 
-0.26 
-0.26 
-0.27 
-0.26 
-0.28 
-0.285 
-0.275 
-0.27 
-0.275 
-0.275 
-0.295 
-0.285 
-0.29 
-0.28 
-0.28 
-0.28 
-0.305 
-0.31 
-0.3 
-0.295 
-0.28 
-0.3 
-0.3 
-0.305 
-0.3 
-0.295 
-0.3 
-0.3 
-0.305 
-0.32 
-0.31 
-0.305 
-0.305 
-0.315 
-0.315 
-0.325 
-0.325 
-0.315 
-0.32 
-0.32 
-0.33 
-0.325 
-0.33 
-0.315 
-0.315 
-0.315 
-0.32 
-0.33 
-0.31 
-0.315 
-0.31 
-0.315 
-0.325 
-0.335 
-0.33 
-0.31 
-0.32 
-0.315 
-0.32 
-0.33 
-0.325 
-0.31 
-0.315 
-0.305 
-0.31 
-0.33 
-0.32 
-0.305 
-0.31 
-0.315 
-0.315 
-0.32 
-0.32 
-0.31 
-0.305 
-0.305 
-0.32 
-0.315 
-0.315 
-0.3 
-0.29 
-0.29 
-0.285 
-0.29 
-0.27 
-0.245 
-0.245 
-0.245 
-0.26 
-0.265 
-0.245 
-0.225 
-0.215 
-0.21 
-0.2 
-0.22 
-0.215 
-0.21 
-0.215 
-0.215 
-0.225 
-0.24 
-0.235 
-0.215 
-0.22 
-0.235 
-0.23 
-0.23 
-0.2 
-0.185 
-0.195 
-0.235 
-0.26 
-0.275 
-0.29 
-0.285 
-0.3 
-0.305 
-0.325 
-0.335 
-0.33 
-0.315 
-0.325 
-0.32 
-0.345 
-0.35 
-0.325 
-0.32 
-0.325 
-0.32 
-0.33 
-0.335 
-0.335 
-0.335 
-0.315 
-0.335 
-0.335 
-0.345 
-0.335 
-0.335 
-0.33 
-0.335 
-0.34 
-0.35 
-0.38 
-0.41 
-0.44 
-0.47 
-0.5 
-0.535 
-0.555 
-0.495 
-0.395 
-0.255 
-0.11 
0.06 
0.335 
0.62 
0.835 
0.935 
0.9 
0.675 
0.285 
-0.09 
-0.36 
-0.475 
-0.48 
-0.435 
-0.38 
-0.345 
-0.35 
-0.37 
-0.365 
-0.37 
-0.365 
-0.37 
-0.37 
-0.37 
-0.385 
-0.385 
-0.38 
-0.38 
-0.37 
-0.375 
-0.385 
-0.39 
-0.38 
-0.37 
-0.385 
-0.375 
-0.37 
-0.375 
-0.37 
-0.36 
-0.365 
-0.37 
-0.38 
-0.39 
-0.37 
-0.365 
-0.36 
-0.365 
-0.375 
-0.385 
-0.39 
-0.375 
-0.365 
-0.36 
-0.375 
-0.385 
-0.385 
-0.36 
-0.36 
-0.37 
-0.375 
-0.38 
-0.37 
-0.36 
-0.355 
-0.365 
-0.36 
-0.37 
-0.365 
-0.36 
-0.345 
-0.355 
-0.36 
-0.37 
-0.36 
-0.35 
-0.355 
-0.36 
-0.38 
-0.375 
-0.36 
-0.355 
-0.355 
-0.36 
-0.38 
-0.375 
-0.365 
-0.355 
-0.36 
-0.36 
-0.365 
-0.385 
-0.38 
-0.37 
-0.36 
-0.37 
-0.375 
-0.385 
-0.365 
-0.375 
-0.37 
-0.37 
-0.38 
-0.38 
-0.365 
-0.36 
-0.36 
-0.365 
-0.38 
-0.37 
-0.35 
-0.33 
-0.315 
-0.305 
-0.305 
-0.295 
-0.285 
-0.27 
-0.27 
-0.28 
-0.27 
-0.285 
-0.275 
-0.265 
-0.255 
-0.265 
-0.27 
-0.265 
-0.26 
-0.265 
-0.255 
-0.26 
-0.26 
-0.275 
-0.275 
-0.27 
-0.255 
-0.28 
-0.285 
-0.295 
-0.27 
-0.26 
-0.255 
-0.27 
-0.275 
-0.28 
-0.26 
-0.26 
-0.265 
-0.275 
-0.285 
-0.29 
-0.285 
-0.28 
-0.285 
-0.285 
-0.295 
-0.3 
-0.295 
-0.29 
-0.3 
-0.305 
-0.32 
-0.325 
-0.32 
-0.31 
-0.315 
-0.31 
-0.305 
-0.305 
-0.305 
-0.305 
-0.305 
-0.305 
-0.315 
-0.315 
-0.305 
-0.3 
-0.3 
-0.32 
-0.335 
-0.33 
-0.34 
-0.32 
-0.31 
-0.335 
-0.335 
-0.35 
-0.335 
-0.325 
-0.33 
-0.325 
-0.33 
-0.335 
-0.33 
-0.315 
-0.31 
-0.305 
-0.32 
-0.335 
-0.33 
-0.305 
-0.305 
-0.305 
-0.32 
-0.33 
-0.315 
-0.32 
-0.315 
-0.325 
-0.325 
-0.33 
-0.305 
-0.3 
-0.295 
-0.285 
-0.27 
-0.28 
-0.27 
-0.26 
-0.255 
-0.26 
-0.25 
-0.25 
-0.24 
-0.225 
-0.21 
-0.205 
-0.215 
-0.22 
-0.22 
-0.215 
-0.24 
-0.25 
-0.26 
-0.24 
-0.24 
-0.245 
-0.245 
-0.235 
-0.225 
-0.22 
-0.215 
-0.24 
-0.25 
-0.27 
-0.295 
-0.315 
-0.34 
-0.335 
-0.335 
-0.345 
-0.345 
-0.355 
-0.345 
-0.33 
-0.335 
-0.345 
-0.36 
-0.355 
-0.355 
-0.34 
-0.34 
-0.335 
-0.34 
-0.36 
-0.35 
-0.34 
-0.345 
-0.34 
-0.35 
-0.36 
-0.36 
-0.35 
-0.35 
-0.35 
-0.37 
-0.405 
-0.435 
-0.455 
-0.47 
-0.52 
-0.565 
-0.575 
-0.5 
-0.385 
-0.245 
-0.1 
0.105 
0.35 
0.595 
0.78 
0.855 
0.76 
0.51 
0.115 
-0.215 
-0.4 
-0.475 
-0.485 
-0.45 
-0.42 
-0.405 
-0.39 
-0.395 
-0.395 
-0.385 
-0.39 
-0.4 
-0.4 
-0.39 
-0.395 
-0.4 
-0.415 
-0.39 
-0.385 
-0.375 
-0.38 
-0.395 
-0.41 
-0.41 
-0.405 
-0.395 
-0.39 
-0.4 
-0.42 
-0.41 
-0.4 
-0.395 
-0.405 
-0.41 
-0.415 
-0.41 
-0.405 
-0.4 
-0.395 
-0.415 
-0.415 
-0.41 
-0.41 
-0.4 
-0.395 
-0.415 
-0.42 
-0.41 
-0.4 
-0.39 
-0.4 
-0.41 
-0.41 
-0.4 
-0.395 
-0.39 
-0.395 
-0.405 
-0.4 
-0.415 
-0.41 
-0.405 
-0.395 
-0.4 
-0.41 
-0.41 
-0.405 
-0.39 
-0.395 
-0.4 
-0.4 
-0.4 
-0.405 
-0.405 
-0.415 
-0.415 
-0.42 
-0.42 
-0.415 
-0.4 
-0.415 
-0.425 
-0.44 
-0.425 
-0.41 
-0.415 
-0.42 
-0.425 
-0.435 
-0.44 
-0.435 
-0.43 
-0.44 
-0.44 
-0.455 
-0.45 
-0.455 
-0.455 
-0.445 
-0.455 
-0.455 
-0.435 
-0.415 
-0.415 
-0.39 
-0.4 
-0.405 
-0.395 
-0.375 
-0.355 
-0.345 
-0.345 
-0.34 
-0.33 
-0.315 
-0.31 
-0.335 
-0.32 
-0.34 
-0.32 
-0.32 
-0.315 
-0.295 
-0.305 
-0.31 
-0.295 
-0.285 
-0.29 
-0.295 
-0.31 
-0.31 
-0.32 
-0.305 
-0.3 
-0.305 
-0.315 
-0.33 
-0.325 
-0.32 
-0.31 
-0.305 
-0.32 
-0.33 
-0.325 
-0.325 
-0.315 
-0.325 
-0.33 
-0.33 
-0.325 
-0.31 
-0.31 
-0.31 
-0.325 
-0.345 
-0.335 
-0.345 
-0.345 
-0.345 
-0.345 
-0.35 
-0.335 
-0.33 
-0.34 
-0.345 
-0.355 
-0.355 
-0.355 
-0.345 
-0.355 
-0.355 
-0.35 
-0.37 
-0.375 
-0.35 
-0.345 
-0.355 
-0.355 
-0.365 
-0.36 
-0.355 
-0.355 
-0.36 
-0.36 
-0.37 
-0.37 
-0.355 
-0.355 
-0.37 
-0.36 
-0.365 
-0.37 
-0.35 
-0.35 
-0.35 
-0.36 
-0.365 
-0.37 
-0.36 
-0.355 
-0.345 
-0.36 
-0.37 
-0.375 
-0.365 
-0.35 
-0.345 
-0.35 
-0.365 
-0.35 
-0.345 
-0.345 
-0.32 
-0.32 
-0.315 
-0.31 
-0.295 
-0.295 
-0.295 
-0.29 
-0.29 
-0.275 
-0.27 
-0.25 
-0.255 
-0.275 
-0.28 
-0.275 
-0.275 
-0.265 
-0.275 
-0.275 
-0.28 
-0.285 
-0.29 
-0.28 
-0.265 
-0.27 
-0.26 
-0.275 
-0.285 
-0.3 
-0.325 
-0.35 
-0.375 
-0.37 
-0.375 
-0.37 
-0.39 
-0.39 
-0.41 
-0.395 
-0.38 
-0.37 
-0.385 
-0.385 
-0.4 
-0.39 
-0.39 
-0.375 
-0.385 
-0.385 
-0.395 
-0.39 
-0.38 
-0.375 
-0.375 
-0.385 
-0.39 
-0.39 
-0.385 
-0.4 
-0.44 
-0.47 
-0.5 
-0.495 
-0.505 
-0.55 
-0.595 
-0.595 
-0.525 
-0.405 
-0.28 
-0.145 
0.035 
0.275 
0.525 
0.745 
0.85 
0.815 
0.585 
0.205 
-0.175 
-0.395 
-0.48 
-0.49 
-0.47 
-0.43 
-0.425 
-0.41 
-0.41 
-0.395 
-0.4 
-0.4 
-0.415 
-0.405 
-0.405 
-0.405 
-0.41 
-0.415 
-0.42 
-0.41 
-0.41 
-0.405 
-0.395 
-0.4 
-0.41 
-0.4 
-0.405 
-0.4 
-0.4 
-0.4 
-0.41 
-0.405 
-0.395 
-0.385 
-0.405 
-0.41 
-0.415 
-0.41 
-0.4 
-0.395 
-0.395 
-0.395 
-0.41 
-0.405 
-0.395 
-0.4 
-0.39 
-0.4 
-0.415 
-0.41 
-0.405 
-0.395 
-0.405 
-0.41 
-0.425 
-0.41 
-0.42 
-0.41 
-0.41 
-0.405 
-0.41 
-0.405 
-0.405 
-0.41 
-0.385 
-0.4 
-0.41 
-0.405 
-0.39 
-0.39 
-0.38 
-0.395 
-0.41 
-0.405 
-0.395 
-0.39 
-0.4 
-0.395 
-0.415 
-0.415 
-0.41 
-0.405 
-0.41 
-0.415 
-0.425 
-0.42 
-0.425 
-0.415 
-0.425 
-0.425 
-0.435 
-0.44 
-0.425 
-0.425 
-0.425 
-0.435 
-0.45 
-0.45 
-0.44 
-0.42 
-0.425 
-0.43 
-0.43 
-0.415 
-0.41 
-0.39 
-0.395 
-0.38 
-0.38 
-0.36 
-0.34 
-0.33 
-0.33 
-0.32 
-0.335 
-0.32 
-0.295 
-0.29 
-0.29 
-0.285 
-0.295 
-0.285 
-0.28 
-0.27 
-0.265 
-0.265 
-0.285 
-0.285 
-0.27 
-0.27 
-0.27 
-0.275 
-0.29 
-0.28 
-0.265 
-0.27 
-0.275 
-0.285 
-0.295 
-0.285 
-0.29 
-0.275 
-0.28 
-0.295 
-0.305 
-0.29 
-0.28 
-0.28 
-0.285 
-0.29 
-0.305 
-0.3 
-0.295 
-0.28 
-0.285 
-0.295 
-0.305 
-0.29 
-0.29 
-0.29 
-0.31 
-0.32 
-0.31 
-0.315 
-0.31 
-0.31 
-0.32 
-0.32 
-0.325 
-0.31 
-0.31 
-0.305 
-0.315 
-0.32 
-0.33 
-0.325 
-0.315 
-0.315 
-0.315 
-0.325 
-0.32 
-0.325 
-0.315 
-0.315 
-0.31 
-0.32 
-0.325 
-0.325 
-0.315 
-0.31 
-0.31 
-0.33 
-0.34 
-0.33 
-0.31 
-0.305 
-0.315 
-0.325 
-0.335 
-0.315 
-0.31 
-0.305 
-0.31 
-0.315 
-0.32 
-0.31 
-0.305 
-0.3 
-0.31 
-0.315 
-0.325 
-0.31 
-0.3 
-0.295 
-0.3 
-0.3 
-0.31 
-0.295 
-0.28 
-0.27 
-0.26 
-0.255 
-0.265 
-0.25 
-0.25 
-0.225 
-0.235 
-0.235 
-0.235 
-0.23 
-0.215 
-0.205 
-0.19 
-0.21 
-0.215 
-0.195 
-0.185 
-0.195 
-0.21 
-0.21 
-0.23 
-0.215 
-0.21 
-0.215 
-0.215 
-0.22 
-0.23 
-0.24 
-0.22 
-0.195 
-0.185 
-0.205 
-0.23 
-0.255 
-0.255 
-0.27 
-0.285 
-0.295 
-0.32 
-0.32 
-0.33 
-0.325 
-0.33 
-0.33 
-0.34 
-0.33 
-0.335 
-0.325 
-0.325 
-0.34 
-0.345 
-0.335 
-0.325 
-0.33 
-0.34 
-0.345 
-0.335 
-0.345 
-0.33 
-0.325 
-0.33 
-0.34 
-0.355 
-0.355 
-0.36 
-0.36 
-0.405 
-0.45 
-0.475 
-0.475 
-0.51 
-0.545 
-0.53 
-0.445 
-0.315 
-0.155 
0.005 
0.21 
0.47 
0.72 
0.87 
0.96 
0.91 
0.65 
0.23 
-0.16 
-0.405 
-0.475 
-0.44 
-0.39 
-0.35 
-0.355 
-0.37 
-0.365 
-0.365 
-0.36 
-0.35 
-0.37 
-0.38 
-0.375 
-0.36 
-0.355 
-0.365 
-0.375 
-0.38 
-0.365 
-0.36 
-0.36 
-0.365 
-0.37 
-0.385 
-0.38 
-0.375 
-0.365 
-0.37 
-0.39 
-0.39 
-0.385 
-0.38 
-0.37 
-0.365 
-0.38 
-0.395 
-0.385 
-0.37 
-0.365 
-0.365 
-0.385 
-0.385 
-0.375 
-0.365 
-0.37 
-0.375 
-0.375 
-0.375 
-0.365 
-0.37 
-0.36 
-0.365 
-0.365 
-0.375 
-0.375 
-0.365 
-0.37 
-0.37 
-0.365 
-0.38 
-0.375 
-0.38 
-0.375 
-0.37 
-0.37 
-0.38 
-0.37 
-0.365 
-0.365 
-0.36 
-0.365 
-0.37 
-0.365 
-0.36 
-0.355 
-0.35 
-0.355 
-0.37 
-0.365 
-0.36 
-0.355 
-0.36 
-0.375 
-0.385 
-0.375 
-0.385 
-0.37 
-0.385 
-0.39 
-0.395 
-0.39 
-0.395 
-0.385 
-0.39 
-0.385 
-0.395 
-0.385 
-0.38 
-0.37 
-0.365 
-0.37 
-0.37 
-0.365 
-0.355 
-0.345 
-0.345 
-0.35 
-0.35 
-0.345 
-0.32 
-0.315 
-0.31 
-0.33 
-0.315 
-0.31 
-0.3 
-0.295 
-0.29 
-0.29 
-0.305 
-0.285 
-0.28 
-0.265 
-0.265 
-0.27 
-0.28 
-0.265 
-0.265 
-0.255 
-0.255 
-0.26 
-0.275 
-0.27 
-0.275 
-0.255 
-0.265 
-0.27 
-0.28 
-0.275 
-0.27 
-0.275 
-0.285 
-0.285 
-0.3 
-0.29 
-0.285 
-0.295 
-0.29 
-0.295 
-0.315 
-0.305 
-0.3 
-0.295 
-0.3 
-0.31 
-0.32 
-0.31 
-0.295 
-0.295 
-0.295 
-0.31 
-0.305 
-0.31 
-0.3 
-0.295 
-0.305 
-0.315 
-0.32 
-0.315 
-0.305 
-0.305 
-0.32 
-0.33 
-0.335 
-0.325 
-0.33 
-0.325 
-0.325 
-0.33 
-0.34 
-0.34 
-0.33 
-0.33 
-0.335 
-0.335 
-0.345 
-0.335 
-0.325 
-0.31 
-0.325 
-0.33 
-0.34 
-0.34 
-0.325 
-0.32 
-0.335 
-0.335 
-0.345 
-0.34 
-0.32 
-0.325 
-0.32 
-0.33 
-0.34 
-0.34 
-0.33 
-0.315 
-0.32 
-0.34 
-0.34 
-0.33 
-0.315 
-0.315 
-0.305 
-0.31 
-0.315 
-0.3 
-0.275 
-0.25 
-0.255 
-0.255 
-0.27 
-0.265 
-0.245 
-0.24 
-0.225 
-0.22 
-0.225 
-0.22 
-0.22 
-0.215 
-0.215 
-0.23 
-0.25 
-0.24 
-0.235 
-0.235 
-0.235 
-0.255 
-0.265 
-0.24 
-0.22 
-0.21 
-0.24 
-0.275 
-0.3 
-0.305 
-0.315 
-0.32 
-0.33 
-0.35 
-0.36 
-0.37 
-0.355 
-0.35 
-0.345 
-0.345 
-0.35 
-0.345 
-0.355 
-0.355 
-0.355 
-0.36 
-0.38 
-0.375 
-0.37 
-0.36 
-0.355 
-0.365 
-0.37 
-0.365 
-0.375 
-0.37 
-0.37 
-0.395 
-0.405 
-0.405 
-0.41 
-0.445 
-0.475 
-0.52 
-0.565 
-0.6 
-0.57 
-0.49 
-0.335 
-0.18 
0.03 
0.34 
0.61 
0.785 
0.795 
0.62 
0.26 
-0.145 
-0.405 
-0.5 
-0.485 
-0.455 
-0.42 
-0.425 
-0.41 
-0.415 
-0.4 
-0.415 
-0.43 
-0.425 
-0.425 
-0.425 
-0.42 
-0.42 
-0.43 
-0.43 
-0.415 
-0.41 
-0.405 
-0.41 
-0.415 
-0.425 
-0.415 
-0.41 
-0.415 
-0.43 
-0.445 
-0.435 
-0.425 
-0.415 
-0.425 
-0.435 
-0.44 
-0.44 
-0.435 
-0.415 
-0.42 
-0.43 
-0.435 
-0.43 
-0.425 
-0.405 
-0.415 
-0.43 
-0.425 
-0.42 
-0.41 
-0.405 
-0.405 
-0.425 
-0.435 
-0.425 
-0.42 
-0.415 
-0.425 
-0.43 
-0.445 
-0.445 
-0.43 
-0.42 
-0.425 
-0.425 
-0.44 
-0.43 
-0.425 
-0.42 
-0.42 
-0.42 
-0.435 
-0.435 
-0.425 
-0.42 
-0.42 
-0.43 
-0.43 
-0.42 
-0.425 
-0.435 
-0.44 
-0.44 
-0.465 
-0.46 
-0.455 
-0.45 
-0.45 
-0.455 
-0.465 
-0.455 
-0.455 
-0.455 
-0.46 
-0.455 
-0.47 
-0.46 
-0.45 
-0.435 
-0.44 
-0.42 
-0.415 
-0.395 
-0.375 
-0.37 
-0.375 
-0.37 
-0.37 
-0.355 
-0.35 
-0.335 
-0.345 
-0.34 
-0.36 
-0.34 
-0.33 
-0.33 
-0.335 
-0.35 
-0.355 
-0.35 
-0.335 
-0.32 
-0.325 
-0.33 
-0.345 
-0.345 
-0.34 
-0.34 
-0.34 
-0.34 
-0.355 
-0.34 
-0.325 
-0.325 
-0.33 
-0.335 
-0.355 
-0.355 
-0.365 
-0.35 
-0.355 
-0.36 
-0.365 
-0.365 
-0.36 
-0.355 
-0.35 
-0.36 
-0.37 
-0.37 
-0.37 
-0.36 
-0.375 
-0.39 
-0.385 
-0.38 
-0.365 
-0.37 
-0.38 
-0.4 
-0.4 
-0.395 
-0.395 
-0.38 
-0.375 
-0.385 
-0.39 
-0.39 
-0.375 
-0.37 
-0.38 
-0.37 
-0.395 
-0.395 
-0.395 
-0.39 
-0.39 
-0.395 
-0.41 
-0.405 
-0.39 
-0.375 
-0.38 
-0.395 
-0.405 
-0.395 
-0.395 
-0.385 
-0.39 
-0.39 
-0.395 
-0.385 
-0.385 
-0.375 
-0.4 
-0.4 
-0.405 
-0.395 
-0.39 
-0.375 
-0.36 
-0.355 
-0.355 
-0.345 
-0.35 
-0.34 
-0.34 
-0.335 
-0.33 
-0.32 
-0.305 
-0.3 
-0.295 
-0.3 
-0.305 
-0.315 
-0.305 
-0.3 
-0.305 
-0.315 
-0.32 
-0.315 
-0.315 
-0.305 
-0.325 
-0.345 
-0.355 
-0.31 
-0.295 
-0.3 
-0.34 
-0.37 
-0.39 
-0.41 
-0.41 
-0.415 
-0.41 
-0.425 
-0.435 
-0.425 
-0.41 
-0.415 
-0.42 
-0.425 
-0.44 
-0.43 
-0.435 
-0.42 
-0.42 
-0.435 
-0.44 
-0.44 
-0.435 
-0.425 
-0.425 
-0.445 
-0.455 
-0.465 
-0.485 
-0.51 
-0.53 
-0.56 
-0.6 
-0.655 
-0.675 
-0.665 
-0.61 
-0.555 
-0.47 
-0.36 
-0.235 
-0.055 
0.205 
0.495 
0.715 
0.825 
0.74 
0.415 
-0.025 
-0.375 
-0.545 
-0.57 
-0.54 
-0.485 
-0.47 
-0.46 
-0.47 
-0.475 
-0.455 
-0.445 
-0.46 
-0.465 
-0.47 
-0.47 
-0.465 
-0.46 
-0.465 
-0.46 
-0.47 
-0.47 
-0.465 
-0.46 
-0.455 
-0.465 
-0.475 
-0.47 
-0.46 
-0.44 
-0.455 
-0.46 
-0.465 
-0.47 
-0.455 
-0.44 
-0.445 
-0.455 
-0.465 
-0.46 
-0.45 
-0.45 
-0.46 
-0.455 
-0.47 
-0.46 
-0.46 
-0.465 
-0.46 
-0.475 
-0.47 
-0.475 
-0.455 
-0.45 
-0.455 
-0.455 
-0.465 
-0.445 
-0.435 
-0.425 
-0.435 
-0.44 
-0.445 
-0.445 
-0.44 
-0.445 
-0.445 
-0.45 
-0.455 
-0.46 
-0.45 
-0.45 
-0.45 
-0.465 
-0.475 
-0.475 
-0.485 
-0.47 
-0.465 
-0.47 
-0.475 
-0.48 
-0.48 
-0.465 
-0.48 
-0.485 
-0.5 
-0.495 
-0.485 
-0.48 
-0.48 
-0.49 
-0.485 
-0.475 
-0.465 
-0.45 
-0.45 
-0.445 
-0.44 
-0.415 
-0.415 
-0.385 
-0.37 
-0.38 
-0.385 
-0.37 
-0.355 
-0.345 
-0.335 
-0.34 
-0.35 
-0.35 
-0.35 
-0.33 
-0.33 
-0.335 
-0.34 
-0.33 
-0.325 
-0.31 
-0.32 
-0.33 
-0.34 
-0.34 
-0.335 
-0.335 
-0.335 
-0.335 
-0.345 
-0.345 
-0.345 
-0.33 
-0.335 
-0.345 
-0.36 
-0.345 
-0.34 
-0.335 
-0.33 
-0.335 
-0.355 
-0.355 
-0.34 
-0.335 
-0.345 
-0.34 
-0.355 
-0.355 
-0.35 
-0.34 
-0.355 
-0.36 
-0.37 
-0.375 
-0.355 
-0.355 
-0.355 
-0.37 
-0.375 
-0.375 
-0.365 
-0.36 
-0.37 
-0.365 
-0.385 
-0.37 
-0.375 
-0.36 
-0.365 
-0.365 
-0.375 
-0.37 
-0.365 
-0.355 
-0.355 
-0.365 
-0.365 
-0.37 
-0.365 
-0.355 
-0.35 
-0.37 
-0.375 
-0.375 
-0.355 
-0.345 
-0.355 
-0.36 
-0.38 
-0.37 
-0.365 
-0.36 
-0.36 
-0.37 
-0.365 
-0.37 
-0.365 
-0.35 
-0.345 
-0.355 
-0.36 
-0.34 
-0.325 
-0.29 
-0.295 
-0.29 
-0.3 
-0.29 
-0.28 
-0.265 
-0.265 
-0.26 
-0.275 
-0.255 
-0.25 
-0.25 
-0.25 
-0.27 
-0.285 
-0.28 
-0.265 
-0.26 
-0.27 
-0.305 
-0.305 
-0.29 
-0.255 
-0.225 
-0.245 
-0.27 
-0.315 
-0.325 
-0.325 
-0.33 
-0.345 
-0.36 
-0.375 
-0.375 
-0.375 
-0.36 
-0.37 
-0.375 
-0.375 
-0.375 
-0.385 
-0.385 
-0.38 
-0.39 
-0.395 
-0.39 
-0.4 
-0.395 
-0.38 
-0.395 
-0.4 
-0.4 
-0.41 
-0.425 
-0.455 
-0.5 
-0.535 
-0.565 
-0.59 
-0.58 
-0.485 
-0.35 
-0.2 
0.0 
0.255 
0.55 
0.8 
0.94 
0.955 
0.84 
0.58 
0.225 
-0.115 
-0.38 
-0.535 
-0.565 
-0.53 
-0.475 
-0.42 
-0.42 
-0.435 
-0.44 
-0.425 
-0.425 
-0.425 
-0.43 
-0.45 
-0.44 
-0.43 
-0.425 
-0.425 
-0.445 
-0.46 
-0.45 
-0.44 
-0.43 
-0.435 
-0.44 
-0.445 
-0.44 
-0.425 
-0.425 
-0.425 
-0.435 
-0.45 
-0.435 
-0.43 
-0.425 
-0.425 
-0.44 
-0.45 
-0.445 
-0.43 
-0.43 
-0.425 
-0.435 
-0.44 
-0.435 
-0.435 
-0.43 
-0.42 
-0.44 
-0.45 
-0.445 
-0.435 
-0.42 
-0.425 
-0.43 
-0.435 
-0.43 
-0.425 
-0.435 
-0.425 
-0.415 
-0.435 
-0.435 
-0.425 
-0.415 
-0.41 
-0.425 
-0.42 
-0.425 
-0.415 
-0.41 
-0.4 
-0.42 
-0.435 
-0.425 
-0.42 
-0.41 
-0.415 
-0.425 
-0.44 
-0.43 
-0.42 
-0.425 
-0.42 
-0.415 
-0.44 
-0.44 
-0.435 
-0.435 
-0.43 
-0.435 
-0.445 
-0.435 
-0.43 
-0.425 
-0.425 
-0.425 
-0.425 
-0.415 
-0.405 
-0.39 
-0.38 
-0.38 
-0.39 
-0.38 
-0.36 
-0.35 
-0.34 
-0.345 
-0.355 
-0.345 
-0.335 
-0.325 
-0.315 
-0.32 
-0.335 
-0.325 
-0.31 
-0.315 
-0.315 
-0.33 
-0.33 
-0.335 
-0.325 
-0.325 
-0.32 
-0.32 
-0.34 
-0.335 
-0.335 
-0.33 
-0.325 
-0.34 
-0.35 
-0.345 
-0.335 
-0.335 
-0.34 
-0.345 
-0.36 
-0.355 
-0.34 
-0.34 
-0.34 
-0.36 
-0.38 
-0.36 
-0.35 
-0.36 
-0.34 
-0.355 
-0.37 
-0.37 
-0.355 
-0.355 
-0.355 
-0.37 
-0.365 
-0.37 
-0.37 
-0.355 
-0.36 
-0.36 
-0.385 
-0.375 
-0.375 
-0.365 
-0.365 
-0.37 
-0.385 
-0.385 
-0.375 
-0.365 
-0.37 
-0.37 
-0.385 
-0.375 
-0.37 
-0.365 
-0.37 
-0.37 
-0.395 
-0.39 
-0.385 
-0.365 
-0.37 
-0.375 
-0.38 
-0.375 
-0.37 
-0.36 
-0.365 
-0.39 
-0.38 
-0.375 
-0.37 
-0.36 
-0.355 
-0.365 
-0.36 
-0.33 
-0.315 
-0.3 
-0.305 
-0.31 
-0.315 
-0.295 
-0.285 
-0.265 
-0.265 
-0.27 
-0.285 
-0.275 
-0.275 
-0.27 
-0.28 
-0.295 
-0.31 
-0.295 
-0.295 
-0.3 
-0.3 
-0.315 
-0.305 
-0.275 
-0.255 
-0.24 
-0.26 
-0.29 
-0.315 
-0.32 
-0.325 
-0.33 
-0.355 
-0.365 
-0.385 
-0.38 
-0.39 
-0.385 
-0.385 
-0.395 
-0.4 
-0.405 
-0.4 
-0.395 
-0.395 
-0.405 
-0.415 
-0.425 
-0.42 
-0.405 
-0.39 
-0.41 
-0.42 
-0.42 
-0.415 
-0.405 
-0.405 
-0.415 
-0.43 
-0.45 
-0.475 
-0.505 
-0.52 
-0.52 
-0.56 
-0.61 
-0.64 
-0.585 
-0.475 
-0.34 
-0.215 
-0.005 
0.275 
0.545 
0.71 
0.745 
0.565 
0.21 
-0.17 
-0.445 
-0.55 
-0.54 
-0.495 
-0.455 
-0.43 
-0.43 
-0.44 
-0.435 
-0.455 
-0.435 
-0.44 
-0.435 
-0.445 
-0.45 
-0.46 
-0.45 
-0.435 
-0.43 
-0.43 
-0.44 
-0.435 
-0.435 
-0.42 
-0.42 
-0.41 
-0.43 
-0.44 
-0.435 
-0.43 
-0.425 
-0.435 
-0.435 
-0.45 
-0.445 
-0.42 
-0.425 
-0.43 
-0.425 
-0.435 
-0.425 
-0.415 
-0.405 
-0.425 
-0.42 
-0.42 
-0.425 
-0.425 
-0.43 
-0.43 
-0.44 
-0.44 
-0.435 
-0.43 
-0.42 
-0.41 
-0.43 
-0.43 
-0.425 
-0.425 
-0.42 
-0.41 
-0.425 
-0.435 
-0.435 
-0.42 
-0.405 
-0.415 
-0.42 
-0.44 
-0.44 
-0.43 
-0.41 
-0.415 
-0.415 
-0.425 
-0.43 
-0.42 
-0.42 
-0.435 
-0.435 
-0.455 
-0.445 
-0.45 
-0.445 
-0.435 
-0.435 
-0.445 
-0.435 
-0.435 
-0.435 
-0.415 
-0.425 
-0.45 
-0.425 
-0.43 
-0.41 
-0.415 
-0.415 
-0.42 
-0.425 
-0.385 
-0.36 
-0.37 
-0.37 
-0.385 
-0.375 
-0.36 
-0.35 
-0.35 
-0.35 
-0.355 
-0.35 
-0.345 
-0.325 
-0.345 
-0.345 
-0.355 
-0.36 
-0.355 
-0.355 
-0.355 
-0.345 
-0.365 
-0.37 
-0.36 
-0.36 
-0.36 
-0.38 
-0.39 
-0.37 
-0.365 
-0.36 
-0.37 
-0.375 
-0.395 
-0.385 
-0.37 
-0.37 
-0.365 
-0.375 
-0.39 
-0.38 
-0.385 
-0.365 
-0.37 
-0.37 
-0.39 
-0.39 
-0.41 
-0.405 
-0.39 
-0.4 
-0.4 
-0.395 
-0.41 
-0.41 
-0.41 
-0.405 
-0.405 
-0.405 
-0.405 
-0.395 
-0.41 
-0.41 
-0.425 
-0.43 
-0.415 
-0.41 
-0.405 
-0.405 
-0.415 
-0.425 
-0.41 
-0.405 
-0.41 
-0.4 
-0.425 
-0.42 
-0.41 
-0.41 
-0.405 
-0.4 
-0.42 
-0.43 
-0.405 
-0.4 
-0.41 
-0.415 
-0.42 
-0.415 
-0.41 
-0.41 
-0.41 
-0.42 
-0.42 
-0.4 
-0.37 
-0.355 
-0.36 
-0.36 
-0.37 
-0.36 
-0.35 
-0.345 
-0.32 
-0.315 
-0.335 
-0.335 
-0.315 
-0.315 
-0.31 
-0.32 
-0.335 
-0.33 
-0.32 
-0.325 
-0.33 
-0.33 
-0.36 
-0.36 
-0.335 
-0.3 
-0.3 
-0.345 
-0.365 
-0.385 
-0.395 
-0.39 
-0.41 
-0.425 
-0.45 
-0.43 
-0.435 
-0.43 
-0.425 
-0.435 
-0.45 
-0.445 
-0.435 
-0.43 
-0.44 
-0.455 
-0.455 
-0.45 
-0.45 
-0.445 
-0.45 
-0.46 
-0.47 
-0.465 
-0.46 
-0.45 
-0.455 
-0.455 
-0.47 
-0.47 
-0.48 
-0.505 
-0.54 
-0.56 
-0.585 
-0.63 
-0.675 
-0.665 
-0.595 
-0.485 
-0.37 
-0.225 
-0.015 
0.245 
0.48 
0.665 
0.72 
0.665 
0.47 
0.14 
-0.19 
-0.435 
-0.57 
-0.625 
-0.615 
-0.585 
-0.54 
-0.505 
-0.5 
-0.505 
-0.505 
-0.485 
-0.49 
-0.5 
-0.5 
-0.5 
-0.48 
-0.48 
-0.49 
-0.505 
-0.505 
-0.505 
-0.5 
-0.495 
-0.485 
-0.5 
-0.505 
-0.51 
-0.51 
-0.495 
-0.48 
-0.495 
-0.505 
-0.505 
-0.495 
-0.485 
-0.5 
-0.5 
-0.515 
-0.51 
-0.5 
-0.48 
-0.48 
-0.49 
-0.51 
-0.51 
-0.515 
-0.49 
-0.49 
-0.5 
-0.5 
-0.505 
-0.505 
-0.5 
-0.495 
-0.515 
-0.525 
-0.515 
-0.5 
-0.495 
-0.485 
-0.495 
-0.51 
-0.505 
-0.5 
-0.495 
-0.49 
-0.485 
-0.5 
-0.495 
-0.485 
-0.49 
-0.49 
-0.49 
-0.5 
-0.495 
-0.505 
-0.5 
-0.49 
-0.51 
-0.525 
-0.52 
-0.51 
-0.5 
-0.495 
-0.515 
-0.54 
-0.525 
-0.525 
-0.525 
-0.53 
-0.535 
-0.54 
-0.53 
-0.53 
-0.525 
-0.515 
-0.53 
-0.555 
-0.545 
-0.545 
-0.54 
-0.535 
-0.53 
-0.535 
-0.525 
-0.515 
-0.495 
-0.495 
-0.49 
-0.495 
-0.45 
-0.435 
-0.43 
-0.425 
-0.42 
-0.42 
-0.42 
-0.41 
-0.395 
-0.395 
-0.405 
-0.405 
-0.405 
-0.395 
-0.39 
-0.39 
-0.4 
-0.41 
-0.415 
-0.395 
-0.39 
-0.385 
-0.385 
-0.395 
-0.41 
-0.4 
-0.4 
-0.415 
-0.415 
-0.425 
-0.43 
-0.42 
-0.41 
-0.41 
-0.42 
-0.415 
-0.41 
-0.41 
-0.41 
-0.415 
-0.42 
-0.425 
-0.425 
-0.425 
-0.415 
-0.42 
-0.425 
-0.45 
-0.435 
-0.43 
-0.415 
-0.41 
-0.405 
-0.43 
-0.42 
-0.415 
-0.41 
-0.41 
-0.425 
-0.43 
-0.435 
-0.43 
-0.43 
-0.435 
-0.44 
-0.455 
-0.45 
-0.445 
-0.435 
-0.43 
-0.435 
-0.45 
-0.45 
-0.435 
-0.41 
-0.43 
-0.425 
-0.44 
-0.445 
-0.44 
-0.43 
-0.43 
-0.425 
-0.445 
-0.445 
-0.44 
-0.415 
-0.43 
-0.435 
-0.455 
-0.45 
-0.435 
-0.405 
-0.415 
-0.42 
-0.43 
-0.435 
-0.425 
-0.405 
-0.405 
-0.405 
-0.4 
-0.385 
-0.375 
-0.36 
-0.355 
-0.365 
-0.385 
-0.36 
-0.35 
-0.335 
-0.325 
-0.345 
-0.34 
-0.34 
-0.32 
-0.325 
-0.325 
-0.35 
-0.355 
-0.34 
-0.335 
-0.325 
-0.33 
-0.35 
-0.35 
-0.345 
-0.335 
-0.31 
-0.305 
-0.3 
-0.335 
-0.36 
-0.37 
-0.36 
-0.375 
-0.39 
-0.425 
-0.415 
-0.415 
-0.41 
-0.405 
-0.42 
-0.44 
-0.435 
-0.425 
-0.425 
-0.425 
-0.43 
-0.43 
-0.45 
-0.44 
-0.42 
-0.425 
-0.435 
-0.45 
-0.44 
-0.43 
-0.415 
-0.425 
-0.435 
-0.43 
-0.445 
-0.435 
-0.43 
-0.425 
-0.465 
-0.495 
-0.525 
-0.54 
-0.55 
-0.585 
-0.635 
-0.645 
-0.56 
-0.455 
-0.325 
-0.185 
-0.035 
0.19 
0.445 
0.655 
0.775 
0.785 
0.64 
0.33 
-0.035 
-0.31 
-0.46 
-0.52 
-0.53 
-0.51 
-0.475 
-0.455 
-0.445 
-0.445 
-0.46 
-0.465 
-0.46 
-0.46 
-0.455 
-0.45 
-0.455 
-0.465 
-0.46 
-0.455 
-0.44 
-0.445 
-0.45 
-0.46 
-0.455 
-0.45 
-0.43 
-0.435 
-0.43 
-0.44 
-0.45 
-0.435 
-0.43 
-0.435 
-0.445 
-0.45 
-0.45 
-0.44 
-0.44 
-0.43 
-0.435 
-0.455 
-0.455 
-0.445 
-0.44 
-0.445 
-0.445 
-0.455 
-0.45 
-0.45 
-0.435 
-0.425 
-0.45 
-0.45 
-0.44 
-0.435 
-0.445 
-0.435 
-0.445 
-0.45 
-0.465 
-0.445 
-0.445 
-0.44 
-0.44 
-0.455 
-0.45 
-0.445 
-0.425 
-0.425 
-0.435 
-0.45 
-0.445 
-0.445 
-0.425 
-0.43 
-0.435 
-0.45 
-0.45 
-0.445 
-0.435 
-0.44 
-0.45 
-0.46 
-0.465 
-0.455 
-0.455 
-0.46 
-0.475 
-0.48 
-0.47 
-0.455 
-0.465 
-0.46 
-0.465 
-0.475 
-0.485 
-0.48 
-0.46 
-0.465 
-0.465 
-0.47 
-0.47 
-0.455 
-0.44 
-0.44 
-0.43 
-0.44 
-0.43 
-0.41 
